-0.0615471417052
-0.0809380198009
-0.0700640529086
-0.0796119772814
-0.0887178530952
-0.101067206984
-0.0600998228555
-0.0426614110396
-0.0777591983171
-0.0434942115707
-0.0180609479305
-0.0216421698748
-0.0303169831492
-0.0102320525066
-0.0107825495463
-0.0374410778783
-0.137984111125
-0.0429141755087
-0.0274829966287
0.0205998684286
0.0476171771072
0.0314947215253
0.00616215155119
-0.0137618403601
-0.196062925971
-0.0256128775083
0.0467167913722
0.0987943336844
0.105996485267
0.0611812360866
0.0222955169172
-0.0551745646103
-0.31547325003
0.0828420530684
0.103695564655
0.150082279515
0.135467102626
-0.00220455772421
0.00645020315494
-0.0493678320938
-0.248494795292
0.146275814123
0.140115762828
0.155230745289
0.0989424908901
-0.00266861549338
0.0220195807946
-0.0804350451395
-0.0521017881031
0.101123300298
0.0687455742375
0.0421029468804
0.0531148479972
0.0619164121166
0.0640995530057
-0.0898222743865
0.189556727071
-0.0819760014686
-0.127492707573
-0.078894058542
0.140665015658
0.218214087269
0.196359729087
-0.0607533816386
0.37239444753
-0.158510678096
-0.088742553222
0.0769582612065
0.281063349318
0.395386268057
0.300074383858
-0.0484715019427
0.421494019203
-0.00392339813931
0.078769975154
0.136624159751
0.288059016987
0.440790843721
0.287880884536
0.0556250407996
0.24382142066
-0.00962618209003
-0.0460463949656
-0.0190304598411
0.0890509657398
0.149347089621
0.182138868364
0.233922743434
0.114773687899
-0.0192436723636
-0.0714592212005
-0.0820188002458
-0.0830399689822
-0.0595653582151
0.094984369355
0.229771587367
0.00273529006242
-0.117874495335
-0.0587515112979
-0.123443531612
-0.153264349201
-0.14486583487
0.0371479747217
0.188513207843
0.0501101865966
-0.0285984905936
-0.0666343281404
-0.156885954874
-0.173631599022
-0.171686385643
-0.040554597373
0.118711556906
-0.00316719085752
-0.0644947876847
-0.0925104199767
-0.122564764303
-0.168187663813
-0.149538676181
-0.112083449286
0.028834732176
-0.0415641154464
-0.0779778860837
-0.128743006121
-0.159632005841
-0.169793022712
-0.141011610423
-0.0898876773584
-0.0155879049662
0.115158211983
0.0596249586941
-0.0310879756126
-0.108534995849
-0.134084016992
-0.176717566069
-0.121327036342
-0.0717603163906
0.119035202178
0.0461468873412
-0.0498621245341
-0.0655990093768
-0.103558966139
-0.131815599594
-0.112352403764
-0.0908920562235
0.114970417966
0.0272303940601
-0.0500598351173
-0.0759572196657
-0.0992124404081
-0.129991541538
-0.130878177112
-0.113545488884
0.104597799085
0.00615053437272
-0.0614546740576
-0.0792384831602
-0.125457778862
-0.142925495353
-0.131593177823
-0.137028365731
0.0357389745552
-0.0272086940694
-0.0615469997192
-0.0857527833629
-0.151597356483
-0.178348365299
-0.158990801188
-0.174070189299
-0.0155136497684
-0.0494552964513
-0.0658503569509
-0.0944772490418
-0.158830751986
-0.146530766685
-0.150453633285
-0.188378508354
-0.0762505431684
-0.0334654813507
-0.0244382542005
-0.0680847040851
-0.110933684624
-0.100446285094
-0.116212121767
-0.172579624725
-0.0776550838996
0.0375316749681
0.0237105714254
-0.0435113638422
-0.102230010805
-0.0238355833112
-0.0238989140327
-0.0923789713233
-0.112502177413
0.0736376927906
0.0782767120086
-0.0123050070261
-0.0294595065408
0.0118374755812
0.0577340732794
0.0680488753728
-0.112183499039
0.0888556307343
0.141704715278
0.0697697588276
0.0362985898262
0.0334230926938
0.0600885150548
0.18127018847
-0.0782853897323
0.100521308567
0.177460092564
0.0729770867411
-0.0308222315295
-0.0114419183805
0.0831736920062
0.263929243736
-0.0479407514675
0.120425712422
0.17365613427
0.0690137548849
-0.0249840155768
-0.0218291780872
0.161430343691
0.303086517135
-0.0105304554549
0.140241819412
0.161065521257
0.0676650296811
-0.0167332009591
0.0414455672031
0.187799833852
0.23347978471
0.0451600261681
0.14305084713
0.164481231247
0.0352471324459
0.0190001552244
0.0999793121976
0.211082928607
0.155472274537
0.098188636492
0.144955089323
0.162694612034
0.10123126189
0.144961969077
0.185238294634
0.184659645974
0.0199091245045
0.114548713374
0.22945518115
0.250439621382
0.274784243052
0.249559674382
0.147524393573
0.0395406945087
-0.0726323398586
-0.0586434807958
-0.0595957338544
-0.0626899768428
-0.0492437078078
-0.0179392469656
0.00383252450707
0.0229687041974
-0.000466683590669
-0.0797992073346
-0.0378931360554
-0.0292911400996
-0.000448389805076
0.0140699570215
0.0365574403256
0.0417616657294
0.0134245996784
-0.121380108466
-0.0543163628172
0.0108122776047
0.0309525927149
0.0659178780178
0.0663514655201
0.0371375520157
0.0221726758064
-0.135486038783
0.00461813068691
0.0646882371914
0.0434402485756
0.0592451696782
-0.000346643774361
-0.0228208926675
-0.0127250277715
-0.130176954396
0.0783906277227
0.149657200704
0.171922421224
0.0821385173673
-0.000577094965574
-0.0494945558358
-0.0654470305349
-0.00647325705802
0.212796567639
0.202087333861
0.115426566958
-0.0242407241492
-0.11019510169
-0.155634166347
-0.178585047846
0.19537022363
0.144959333821
-0.015827513162
-0.178208280313
-0.223565621544
-0.206599850366
-0.196898843554
-0.292386737349
0.389928360065
-0.0148445042122
-0.232186857848
-0.302784540748
-0.271452268535
-0.227260147522
-0.19585020399
-0.319272012439
0.490836859238
-0.158437779296
-0.292817267214
-0.297491464763
-0.281464904031
-0.234298111372
-0.208197434707
-0.250763215165
0.538511419289
-0.0325729341342
-0.194000977563
-0.237215915715
-0.22559671746
-0.190704113499
-0.122287959561
-0.120222038457
0.380980690125
0.0874689037347
-0.0123335026844
-0.044415506549
-0.027592472721
-0.0134119069578
0.00870421688029
-0.000511146133552
0.202977569384
0.129100386197
0.0658544996576
0.0662784738932
0.0797410667584
0.073434072427
0.0364607448417
0.00243786918698
0.0374176773937
0.109426531919
0.0987807693764
0.0564373021763
0.0653894317568
0.0828414819395
0.023648196013
-0.0183400654524
-0.0409129570362
0.0281820790957
0.0888341717082
0.0913506567497
0.0632011845304
0.0566459301037
0.0186471554163
0.0102758346617
-0.0657249808797
0.00451514902018
0.0347312109681
0.0668777956377
0.0384846239537
0.0342155251845
0.0226275957327
-0.0114052895701
-0.0615113832514
-0.0385457714383
-0.00833428389845
0.0359223832724
0.0458992507013
0.0628371031625
0.0600905634346
0.0108377600024
-0.0555983945564
-0.091022068259
-0.149209072375
-0.120876620949
-0.0659152174014
0.0113246836943
-0.0349307663284
-0.000488663300456
-0.0707175312828
-0.0938119299921
-0.106407363673
-0.069974686886
-0.0373116499456
0.0397382255835
-0.0252759901043
0.00222522160594
-0.0904900866938
-0.108531469767
-0.10565101752
-0.0451686285306
-0.0273200278697
0.00635006028896
-0.0111819125674
-0.0136105890991
-0.154609226691
-0.145320814213
-0.158563805108
-0.0952273381745
-0.0291003417499
0.0436496126136
0.0328308175489
-0.0238752738865
-0.215114747209
-0.191500877776
-0.199996483937
-0.135130890735
-0.0543978745841
0.0398878838872
0.0424767562282
-0.02230815379
-0.264181249945
-0.199179976882
-0.187468396796
-0.130424407407
-0.0342338189191
0.0721509563355
0.0959651047581
0.00353400560242
-0.302487658862
-0.220685688364
-0.17794293146
-0.0898069570973
-0.00489946938546
0.0733580149364
0.10206087535
0.02270951337
-0.314545138788
-0.166002791146
-0.111450291638
-0.0426572602194
0.0205485604761
0.14140462642
0.0856311004395
0.037386753044
-0.247997416095
-0.0387730383837
0.0063703982201
-0.00380409831502
0.0681970662334
0.187984061045
0.0730351486572
0.0243815886205
-0.0762313670138
0.0750041007859
0.0270889424269
0.0150379487074
0.109825692347
0.178786843404
0.126395512596
0.0119480270817
0.0746700429332
0.0510820205352
-0.00360225747055
0.0149806412007
0.170369286025
0.227781729458
0.158480740723
-0.0200090087853
0.218425297548
0.121709760938
0.0493439564538
0.0264903975182
0.130051480684
0.241911074471
0.143993503288
-0.000873322896676
0.266250267129
0.141806414255
0.030474681214
0.0179563053667
0.0734881001044
0.185536350525
0.162628249846
0.0837342279834
0.263217289298
0.163719664441
0.03455840686
0.0246371073781
0.0908088242544
0.176423392541
0.165571009259
0.118860690825
0.182777403702
0.219716106734
0.087892937433
0.0723564619096
0.0707050424213
0.0882974214372
0.149978024188
0.121570633778
0.0686858577663
0.194642478163
0.217424472678
0.184558848804
0.096963279007
0.0388332044691
0.0626617852131
0.0934983938352
-0.08266676451
-0.10581114792
-0.106089024935
-0.0752825102368
-0.068314604661
-0.0472332475924
-0.0104194436566
-0.00931932537051
-0.128934733446
-0.0786168451824
-0.0359027674949
0.029104340455
0.011799871389
-0.0360240754733
-0.0458947647169
-0.00129468588934
-0.165986020028
-0.000546487984753
0.030869222865
0.0527567453893
0.0351006005417
0.0249602919124
0.0151241281744
0.0439413961933
-0.167460050329
0.0720372368638
0.0848628960913
0.0586674113851
0.0665749653617
0.0585776303147
0.00126824369457
0.105652374099
-0.144488092016
0.160498469432
0.132976175641
0.140055141865
0.107568290055
0.0482619625677
0.040699123862
0.164143470158
0.0876897420325
0.230913878675
0.172694698642
0.0947200085856
0.0543797054405
0.0297164153321
0.046121044009
0.140339295305
0.246822372336
0.263701164997
0.159473821291
0.133881270459
0.169202803444
0.138848805614
0.133486578094
0.0204434346143
0.429149183725
0.298937216574
0.248340841515
0.153050853756
0.178454113775
0.152132538496
0.0252908444637
-0.305190291786
0.500349308246
0.269842615141
0.178512169909
0.0209281361475
-0.0174769005081
-0.106151303215
-0.31056178315
-0.462259563273
0.385979010164
0.110429099022
-0.0409931450173
-0.224218026092
-0.282709177517
-0.334387661874
-0.356967663227
-0.314794592913
0.214971428655
0.135631907333
0.0793920483427
-0.0265948025501
-0.0681491442468
-0.0901022394147
-0.0917619898924
-0.0935216281984
-0.0499529184146
0.0153821103928
0.0723763205506
0.0900939573886
0.0853014563349
0.0617908195188
0.00764664378623
-0.0594981627396
-0.123989675916
0.0359367785728
0.0284277674486
0.063561728881
0.0689544541126
0.0808398012014
0.0152319393588
-0.0235910962585
-0.189528549326
0.00213819782165
0.00258468761092
0.0544733320703
0.102301607643
0.0886907547972
0.0526299582472
-0.00138688099377
-0.152803928361
-0.0488529553708
0.0212162399343
0.0262552618725
0.00392470320773
0.0599928497684
0.0377068331401
0.0167605319288
-0.101923007493
-0.115814718715
-0.0779390878726
0.00626197064685
0.0277992522165
0.0582049515306
0.0570045148583
0.0542881060325
-0.0247317339035
-0.0119125975613
0.011671254227
0.0981359396281
0.224664040526
0.274935387951
0.255432566117
0.128061251466
-0.0112787768187
0.0104812044865
0.0555791526915
0.0893411765863
0.120590593301
0.161588134595
0.244049702044
0.238639186461
-0.0194703911356
-0.00389907787771
0.0420233978634
0.113631618971
0.105337710361
0.0928605548809
0.158679888491
0.203584640934
-0.0332114450462
-0.0182845437228
0.0547525395247
0.11021596024
0.0518873254111
0.0121089346868
0.0405259727456
0.121130653822
-0.0766731611225
-0.0385318590269
0.0538461249717
0.0506416389209
-0.0346824547464
-0.11741004502
-0.0776593107538
0.0110552492621
-0.0941229066362
-0.0209229955331
0.0375954286529
0.00979679152876
-0.0902096628625
-0.174794859472
-0.123698293702
-0.0700404595599
-0.133392055702
-0.0409106918657
0.0472854538508
0.0193672356523
-0.105954721708
-0.159601164545
-0.123509847134
-0.107720837766
-0.0968668491671
0.0303528820676
0.113018097368
0.0843113897987
-0.0328974687923
-0.0392283430426
-0.0649622230735
-0.074288881968
0.0168430418056
0.14481389051
0.151897359341
0.116775118514
0.0406366848865
0.0313305014716
-0.00641746072708
-0.0682508802354
-0.00468951245958
0.104344416607
0.124832618954
0.153719143721
0.0867884861682
0.00954532338028
-0.0937821741695
-0.127658404505
-0.0448716034449
0.0361697255794
0.104071703636
0.0964049601477
0.0655773143382
-0.0344049636776
-0.0987868560667
-0.133481597336
-0.0867835901557
-0.0374712381474
0.0340944762733
0.0688963568461
0.014320351159
-0.0937557695933
-0.121075641387
-0.126401263962
-0.127275452839
-0.0855834284969
-0.0338395477644
0.0723070495794
0.0542404106588
-0.0695349851608
-0.124935276935
-0.105692497981
-0.0945802856855
-0.0859917806053
-0.0493752855868
0.0730708630141
0.0343355418025
-0.0553926351067
-0.0938239810458
-0.082648519025
-0.067568039405
-0.060388995154
-0.0511205398018
0.0302690887087
0.0123821540382
-0.0271460545117
-0.0653296319171
-0.0552758831265
-0.0595225716017
-0.0645743680075
-0.0459413389066
-0.02855843968
-0.021630281498
-0.06423618009
-0.0505893233579
-0.033443322233
-0.0560852619114
-0.0186744853176
0.0941408176118
0.179714518708
0.199575007119
0.1199551168
0.0819579234322
0.0129258281728
0.00927625456567
0.108270836174
0.163751326528
0.115876370407
0.0899139071922
0.070928617868
0.0894489306763
0.0694824841708
0.0513987505263
0.15285638262
0.174483379709
0.12248077694
0.135313776835
0.13864867665
0.0924255761137
0.059095137087
0.103224063447
0.132112173973
0.155432808177
0.178489515023
0.178475833555
0.185850477838
0.0953064931586
0.0443897817511
0.038497156086
0.0722772845584
0.13289546246
0.161008778317
0.223102436017
0.249766725493
0.118422075974
0.0478426013158
-0.0755151855709
-0.000608077966318
0.0304449421895
0.0715613744345
0.158582933269
0.234046796083
0.221241717079
0.0701663665525
-0.163443124695
-0.0522236484019
-0.0572373183576
-0.020682913262
0.0306520255671
0.138423426567
0.205657767254
0.106605580636
-0.289189138699
-0.18697859912
-0.126407975064
-0.102248116228
-0.0987753026508
0.0283728218953
0.151800875375
0.12112431281
-0.301245331384
-0.217136840506
-0.117433484037
-0.162863107465
-0.108901621095
0.0515915789694
0.127642218872
0.144320583333
-0.258032406939
-0.191757280509
-0.131345219637
-0.113277349509
-0.0695285489225
0.0592314237329
0.113329012122
0.143430654939
-0.158277290044
-0.15138878157
-0.150625706277
-0.142665276073
-0.0875182586405
0.00861279334291
0.0720189089748
0.127615907152
-0.0719369901017
-0.0847879340926
-0.140636139498
-0.106893651201
-0.0792653131506
0.0181350290215
0.0515462522857
0.121779952446
7.98553993665e-06
-0.00371870498284
-0.0437917910897
-0.00771614139492
-0.0106360782004
0.0160531152053
0.0327850934892
0.126123660911
0.0346520393067
0.0299164703794
-0.00806647692115
0.0261609381351
0.0521161255983
0.0156249796404
0.0915871410935
0.102427434954
0.0205029477396
0.0796057374879
0.0640249800228
0.084127377307
0.0561854551221
0.00412108982929
0.0670296986055
0.0261022228603
0.0099823142018
0.0800845582969
0.142871497241
0.18452642739
0.122290605462
0.0477951869471
0.0445616587743
-0.00752915071677
0.12121312828
0.0740307565476
-0.00997505459953
-0.0318113057946
-0.0682145822297
-0.0789059164936
-0.0568963208943
-0.0202856167512
0.164421013085
0.0456165838743
-0.0224951819013
-0.0404466353804
-0.0791217429781
-0.0658314310366
-0.0731671523034
-0.048940615184
0.196068537707
0.032169539493
-0.0542155439022
-0.0541932729594
-0.103298612508
-0.0899202609852
-0.0847113271296
-0.068617835863
0.176212688571
-0.00751874511596
-0.0608350368011
-0.0860545169107
-0.116149765694
-0.106411463443
-0.112464527947
-0.0973067672298
0.114814450803
-0.011719270955
-0.086700390233
-0.132198955931
-0.154015679972
-0.158682663879
-0.138971912038
-0.13241120194
0.028557960312
-0.0107088720628
-0.0811286753626
-0.118352235458
-0.151100222215
-0.155544442414
-0.134155005684
-0.139811158637
-0.0182134986539
-0.0143058019337
-0.0551348807582
-0.0920696286529
-0.144502853417
-0.13894923777
-0.110778823649
-0.133004082788
-0.0226308013733
0.020609749624
-0.0131021381038
-0.0552390923958
-0.0662448989752
-0.0431132005422
-0.0430382278743
-0.100915000749
-0.0492105666252
0.0363338887578
0.0591464004571
0.0173041425509
0.0105929767149
0.0376597094234
0.0481883978145
-0.0476662643157
-0.0569532761839
0.0441304613044
0.147970922093
0.0810122546492
0.0641129175567
0.0803353232946
0.0815176780989
-0.00173284255123
-0.0408129563366
0.0907911041933
0.175526504573
0.0844069645575
0.0625688459109
0.0736506992474
0.118858088979
0.0362041615337
0.000537684877285
0.179693774765
0.177530186637
0.0702774894256
-0.00503880150466
0.0187831812607
0.140103533905
0.102515196744
0.0597195708157
0.200334022614
0.133504391815
0.0324739912332
-0.0594634707802
-0.00998694725018
0.148143176051
0.158029710716
0.0949834477406
0.188959111581
0.0976683555514
-0.0307443894585
-0.105934680181
-0.0226238803062
0.14255992354
0.191688209316
0.0770604922441
0.13471297976
0.0513483612846
-0.071251739494
-0.12741279332
-0.0190600398357
0.127961005953
0.190052254647
0.0558867053611
0.0606981878044
-0.0411265568805
-0.155361321583
-0.161526196622
-0.0212268133979
0.13672306353
0.195607589525
0.081942757895
0.274072679941
0.513602673575
0.50368996785
0.477671783959
0.32632114969
0.0979789215406
0.0187596291805
-0.00420018890984
-0.048231163252
0.0647348675849
0.0900558548254
0.174919867866
0.0421274990472
-0.050944474492
-0.0779688581557
-0.0971510742758
-0.17464506404
-0.160157408539
-0.160235057111
-0.0328072715238
-0.097844020578
-0.119908043031
-0.102673266393
-0.143756671064
-0.213173860605
-0.249473924607
-0.275588170702
-0.195443023815
-0.183888180556
-0.155810981847
-0.114116824147
-0.180208130816
-0.234644607713
-0.253092848144
-0.233381687639
-0.200010002282
-0.177332303524
-0.131886639867
-0.102283848824
-0.208345081614
-0.247226524349
-0.189320249921
-0.131382476717
-0.110597286039
-0.142128946186
-0.150658279628
-0.124498601898
-0.171206359606
-0.184516232691
-0.127059925269
-0.0412566901175
0.000321404827835
-0.0855704770992
-0.167887201584
-0.126988033484
-0.157157877104
-0.150708423992
-0.0787999064612
0.059332097396
0.160708473051
-0.0696494446294
-0.178789925128
-0.120814568686
-0.17034115048
-0.171059378853
-0.0313155180037
0.154061310698
0.201381773855
-0.0428778276869
-0.156161360857
-0.0993025272368
-0.157489847425
-0.145296679638
0.0348919791994
0.232138218205
0.282591299092
0.0417324414566
-0.138752310694
-0.108437407931
-0.123501557127
-0.0773240465624
0.0851558711873
0.295860990605
0.337026553582
0.0771203386596
-0.154983827596
-0.130667771504
-0.0887068771779
-0.0457078879198
0.117027994728
0.319844998314
0.323839501852
0.166993212392
-0.114701419146
-0.1186701409
-0.0678482218341
-0.0133871914649
0.188613251826
0.323872419022
0.328488701453
0.209894376523
-0.022124553024
-0.0873129365336
-0.05117658476
0.0200807326122
0.208742295594
0.298673595161
0.330070874362
0.216024043755
-0.00679052230497
-0.0444698470235
-0.0241644663165
0.0192156168692
0.188484173779
0.280438888478
0.324050810242
0.243386440179
0.0869071599547
0.0102060640401
0.0192058466901
0.0126359581395
0.148600725275
0.178962085326
0.330744872172
0.295032459812
0.14711185762
0.0652272726583
-0.0047534393717
0.00331578481772
0.00878799187314
0.0124052841063
-0.0120285527882
-0.0107818997161
-0.00724403247773
-0.00244744691602
-0.0171811774314
-0.0258494515594
-0.0394425730776
-0.0443559580482
-0.0375519261163
-0.0225501393635
-0.0158322189115
-0.021408907518
-0.0351032188105
-0.0460327436893
-0.0498067713971
-0.0515972668004
-0.0424846147192
-0.0429714180785
-0.0331476329892
-0.033537245191
-0.0461487267593
-0.0516902750631
-0.0574370257324
-0.0480402124342
-0.0386334440089
-0.0165474932224
-0.023816579507
-0.042037597334
-0.0684170433994
-0.0646246906828
-0.0692627113837
-0.0494877569414
-0.0282069537484
-0.00979445578184
-0.0348619100961
-0.0556910086257
-0.089123602111
-0.0798838170256
-0.0734458826803
-0.0546543885364
-0.0252642775951
-0.00824933844441
-0.0328329375057
-0.0442621666007
-0.111321765129
-0.0918409529963
-0.082285631824
-0.058489876503
-0.0249299961513
0.00331636693901
-0.0224236116331
-0.0399122039527
-0.118677443821
-0.086642939231
-0.0858617824165
-0.0825248160111
-0.0369082921448
0.0162318142562
-0.0106356888715
-0.0397207536249
-0.117650309259
-0.0870483774432
-0.0935775855279
-0.100155252517
-0.0486059587851
0.0256991945357
0.00720626746702
-0.040188078564
-0.111649026685
-0.0833570760263
-0.0928005262824
-0.0925294634169
-0.0606879114312
0.0261489358005
0.0171867583562
-0.0360189324444
-0.082490846237
-0.0746962025804
-0.0865710824427
-0.0941385380245
-0.0718271323854
0.0140675284978
0.0100123350544
-0.0313296365203
-0.0557180190516
-0.0559145647501
-0.0780610939737
-0.0878371012514
-0.0706258168857
0.017637210483
0.0310340749374
-0.00775702587344
-0.0354613628593
-0.0273186791801
-0.0450798444896
-0.0734129283105
-0.0514505080532
0.0142046192197
0.0385916480781
0.00617024347655
-0.0123883857875
0.00756530678011
-0.00881803920626
-0.0472762825727
-0.046528330238
0.00826303433068
0.0476181105894
0.0176971407749
-0.00774068076626
0.0251917604511
0.0429513776396
0.0214542281054
0.0170037093995
0.0410802060451
0.0715906752179
0.0213076961842
-0.00692264430326
0.0195328685394
0.0760456188879
0.116963145269
0.12281638022
0.0942148120569
0.0573140959884
-0.00227320785189
0.0979551386157
0.0468897931952
-0.0106918306171
-0.064350100805
-0.106832746631
-0.124640704343
-0.0919703915351
-0.0654823917143
0.131287259708
0.053335526141
-0.0282687174459
-0.058728910136
-0.0949563584691
-0.111171569941
-0.0814850485246
-0.067015658934
0.186317905059
0.0523105483943
-0.0516946672542
-0.0907834752403
-0.126148079063
-0.112527121362
-0.0779908833285
-0.0964147300989
0.17438245965
0.0300012076245
-0.0767351888482
-0.113758745749
-0.114500060693
-0.0702163085774
-0.096952203339
-0.139016553543
0.131304632289
-0.00410616667675
-0.117983532414
-0.123808272567
-0.0844946409987
-0.0802112170501
-0.12233990099
-0.161201744069
0.0558938088828
-0.00550804392254
-0.0693278022983
-0.0735002431937
-0.0664156202832
-0.0485480177461
-0.0555357488402
-0.104090189726
0.00312235892387
0.0393053594089
0.0173151367916
0.0191622379737
-0.00588547124097
0.00727864187447
-0.0431544827738
-0.0998341491884
-0.0387735793859
0.0865672496492
0.0867407811079
-0.0130545898236
-0.0392066323362
-0.0262244993972
-0.0521702491607
-0.09930146113
-0.0351533109594
0.176351254294
0.16125694093
0.0184267303508
-0.0202925266319
-0.038064927534
-0.0977896129513
-0.158326551246
0.0185018984662
0.196387893562
0.14635332658
0.0704909116404
-0.00545617990109
-0.0670956778013
-0.132224650008
-0.185019775757
0.0746820011617
0.173581913397
0.148979600503
0.113353587536
0.0600823038307
-0.0286284327584
-0.137760632871
-0.190313502277
0.0898577866913
0.171578109967
0.143233390888
0.111513855583
0.0837289004389
0.0422887043854
-0.0527405264069
-0.13987119098
0.142479869477
0.134111323181
0.0785256876677
0.0564242285207
0.0839406465025
0.0908612935332
0.0552636162674
0.0117661093846
0.15136014318
0.126451049061
0.0194987735589
-0.0181896562104
0.0493001564185
0.11015370902
0.0944247152605
0.0957419123804
0.151852467188
0.0734591856447
-0.0161548470197
-0.04569661535
-0.0263369222364
0.0479257633186
0.0941478440794
0.114061287591
0.0994943793903
0.0748186114893
-0.0547723746939
-0.102536763711
-0.11557259127
-0.0423644079913
0.0388947911359
0.0946995952546
0.0295918083091
0.0507925692676
0.184283249438
0.121104556999
0.0312654937834
0.00834605735845
-0.0703842145647
-0.0347982245498
-0.0143943416588
0.000174032345435
0.130187284007
0.183495806188
0.149141950909
0.0374127902559
-0.0700096394289
-0.0572594397825
-0.0402539757437
-0.0355545941299
0.124285071808
0.208292132662
0.199609260038
-0.00129993339371
-0.0875974733878
-0.0878285914951
-0.0703525836532
-0.0749555362739
0.0936292965662
0.23022837288
0.220781965732
-0.0417161245466
-0.101034535257
-0.108186826935
-0.0990326615906
-0.101615349684
0.0187604290528
0.178348536067
0.209232993591
-0.0762448012273
-0.112416423167
-0.146401782147
-0.115215089551
-0.124433058422
-0.0256508196385
0.20996746214
0.242781142877
-0.134830563528
-0.145152470602
-0.155924966186
-0.163779046811
-0.151707545978
-0.052034123636
0.199731018167
0.239877760088
-0.1974510403
-0.173711530347
-0.151282139024
-0.15513244062
-0.121540959727
-0.078025812525
0.205980075802
0.195240444813
-0.242653638113
-0.181709641784
-0.138826092022
-0.136527381084
-0.144894346922
-0.117108475824
0.250483245725
0.144344587919
-0.240943872707
-0.192783883795
-0.143016875942
-0.0974673153406
-0.163941447357
-0.122561251754
0.245582922845
0.146883378492
-0.19173540672
-0.179185352109
-0.126910143044
-0.0680792958764
-0.159368129202
-0.10310650604
0.238302703761
0.142404128823
-0.154908232011
-0.182010381575
-0.138162275703
-0.0077514545092
-0.0810984658674
-0.00821076059566
0.227420136837
0.149403527985
-0.0871394702118
-0.152224501808
-0.112103962722
0.00706876365018
-0.0311894298866
0.0550109625742
0.202944052564
0.188980047383
-0.0302205719734
-0.125148340547
-0.115179476127
0.0285314732683
-0.0331391343599
0.0609872906322
0.151174307447
0.18631061253
0.00845479764132
-0.106437220319
-0.0829959685087
0.0393374967129
-0.0122041989076
0.127588110604
0.143901768816
0.230192909073
0.101193715508
-0.0435687944831
-0.0302141884884
0.0256089044745
0.0366421321363
0.135370209717
0.132569847238
0.299002799943
0.266188840262
0.0770454508883
0.0144613776226
-0.0264191351845
-0.0406331382951
-0.0605591466744
-0.0791980140113
-0.0890797482353
-0.0760255819182
-0.0590631976843
-0.0384040657082
-0.0453508693705
-0.0531557244482
-0.0677233556663
-0.0796420913101
-0.0877595588783
-0.0832091985555
-0.0755491388008
-0.0605122127833
-0.0712196161732
-0.0588018922799
-0.0842518593658
-0.104861468916
-0.107679313457
-0.106420424274
-0.0869618546137
-0.0710280416225
-0.0755424144083
-0.0810209619997
-0.0959313851915
-0.120346250159
-0.132825063456
-0.11191736599
-0.0581507686055
-0.0749543807138
-0.0351910821217
-0.0350490615697
-0.017156588342
-0.124597134849
-0.135533635285
-0.0665457031568
0.00622355821763
-0.0436002498421
0.0412192058662
0.0533788055541
0.0926509459628
-0.00324751305903
-0.0251753666289
0.0566900072932
0.166879488399
0.0501898036702
0.20337594227
0.164591026862
0.242654893255
0.181465688476
0.174619771509
0.255250567404
0.242123140853
0.180795012845
0.151305942523
0.190045812564
0.143841723615
0.216059060872
0.275440705594
0.183836654006
0.17773317545
0.313450742424
0.169576274444
0.163332066215
-0.0604474690719
0.196384956961
0.274523389286
0.014496287796
0.02751262696
0.358645600801
0.179748883851
-0.0570984494895
-0.257317141316
0.0502203638856
0.108650110683
-0.186494688478
-0.176643123696
0.26082472084
0.0960608752381
-0.218282716498
-0.308307296725
-0.111867655488
-0.105158493877
-0.239713662587
-0.207229673918
0.0560138075981
0.0169219497205
-0.218803102593
-0.241164755507
-0.191304852868
-0.182856309793
-0.189724621246
-0.172955426471
-0.0427463265119
-0.0706760726519
-0.153299863147
-0.171610736285
-0.166934768277
-0.158628017179
-0.130827968637
-0.12501582374
-0.105280554675
-0.0814192831106
-0.109323372284
-0.124524341353
-0.127795293275
-0.125866921004
-0.103956996323
-0.0881069649563
-0.0747459589921
-0.0595822787947
-0.0731408997612
-0.0857772187167
-0.0939350284975
-0.0950928571408
-0.0842677081202
-0.0612920608689
-0.0519840829862
-0.0336195541309
-0.051039549514
-0.0692052458
-0.0800772727686
-0.0871126810407
-0.0690554936462
-0.0467420899635
-0.0301881548162
-0.0350429753154
-0.0469467625983
-0.0665150886581
-0.069270145763
-0.082484826344
-0.0805688484332
-0.0841281082446
-0.0564532279402
-0.0416818972523
-0.0354368619369
-0.0715396766983
-0.059387548922
-0.0237121819923
-0.0501179350819
-0.0555493012223
-0.0391253967805
0.00227991961157
-0.0359865835543
-0.00471652240802
-0.0124257568884
0.020798803507
0.00484178109246
-0.0480658378075
-0.0399548520765
0.0244047206318
0.000507000443539
0.0359953411773
0.0358515512852
0.0162717182217
0.0443032118874
-0.0103740534235
0.0366612218529
0.137762472392
-0.00131386860864
0.0408784952532
0.0592643268776
0.09518991889
0.102076981407
0.0298189803976
0.0402585645685
0.240989467001
0.0402786684871
0.0786420965138
0.0520411432818
0.114002440449
0.142318848195
0.0496367596856
0.0995373157766
0.257172403267
0.125381974674
0.119525549305
0.031677946928
-0.0317224866292
0.0496332188597
0.11808689115
0.203851313161
0.213529254247
0.299097662007
0.170349400099
-0.0275238994587
-0.30924966416
-0.0829850175294
0.239904145247
0.320276699794
0.180707946179
0.404337860839
0.201732857682
-0.109217126256
-0.362950454715
-0.101802120743
0.304915751432
0.319520094308
0.169481305522
0.27967202892
0.0887812234731
-0.144277966347
-0.323084397885
-0.0624675762678
0.239511168514
0.34820494308
0.170981523943
0.0957187926991
-0.103185753167
-0.283838825687
-0.327480573808
-0.138254451314
0.0735911997335
0.38204158819
0.183041213586
-0.0363985578857
-0.232194623815
-0.403032805995
-0.379996128709
-0.217280247221
-0.0302673203881
0.307753581973
0.112408972079
-0.118179508373
-0.252826078528
-0.326816025183
-0.286281927916
-0.231051667139
-0.0662307439066
0.175496237188
0.0366054192952
-0.157049931076
-0.24511040538
-0.297431790883
-0.248255733423
-0.20648248947
-0.101163054547
0.0960269569053
-0.0297220125756
-0.139123051479
-0.195399090011
-0.22275064753
-0.216347542862
-0.17963308522
-0.0883191710285
0.0107401147423
-0.0379387085067
-0.110633324816
-0.165762052571
-0.197033871808
-0.190506015991
-0.143408747908
-0.0671955041995
-0.0175471318886
-0.0198883081696
-0.00169065789289
-0.0188179422986
0.00727736634016
-0.00174416947496
-0.0447679041928
-0.0491687963398
-0.0676846112649
-0.0518713854899
0.000596399780352
0.0652285193284
0.0770791596619
0.0434781270601
-0.0060509376958
-0.0555179652206
-0.120544817685
-0.051557818141
0.0391942270575
0.0812513246601
0.1113816769
0.0640300728559
0.0596145606993
-0.0307521670554
-0.165588601042
-0.0470153569961
0.097497073201
0.0925344031101
0.106954573074
0.0904864295408
0.0726711744066
0.0422667366633
-0.146174370762
-0.0682452767511
0.10037232083
0.131657239705
0.117768949616
0.121641750086
0.116638834968
0.0835035057786
-0.00853931820586
-0.0844847697532
0.0674863110929
0.0999577126988
0.116593503433
0.0907261613406
0.14080228862
0.132825834547
0.21235506237
-0.000270348046586
0.071605996347
-0.0163400436434
-0.132555513808
-0.208005553668
-0.0875194188882
0.09292414167
0.437171355956
0.1645540408
-0.0438423172204
-0.193923188004
-0.309444955837
-0.311926429833
-0.22791083387
-0.0773371744646
0.596445600727
0.244500477387
-0.156703154102
-0.249980561262
-0.351239303425
-0.31858467426
-0.264439188529
-0.0482974099642
0.600201062969
0.267473078802
-0.135896281561
-0.241850892282
-0.273297958104
-0.243986961314
-0.069768655525
0.11058107073
0.364521760195
0.239924489238
0.000911244384775
-0.0579414026135
-0.0529267325809
-0.0294594531274
0.0976883874104
0.131722975622
0.106734441298
0.1363616011
0.0165909358593
0.0332957618988
0.0328939909608
0.0508682818471
0.12956383183
0.11437254574
-0.104477157357
0.0761797169164
0.03208502557
0.0346942403201
0.0492247502797
0.074343705261
0.0906908470395
0.054134016054
-0.167698460196
0.00279678456698
0.0608792583881
0.0462287657164
0.0617626880878
0.0496820321749
0.0588691922584
-0.000315398559225
-0.171288682035
0.00707408451156
0.0583343723923
0.0285800071718
0.0170916544404
0.0431556048501
0.0544996269341
-0.0408880589209
-0.09793068197
-0.0158980067297
0.0553492130996
0.0618246097348
0.0566815742132
0.0293083117844
-0.0294963721588
-0.0591725820047
-0.0630480306918
0.0283475369388
0.15037023986
0.254830248751
0.32025315678
0.351817512114
0.314480358007
0.127479059698
-0.0327119527066
0.0998777478338
0.164895268235
0.187617498785
0.130660264188
0.0953301439046
0.201276340543
0.226300666886
0.0694233955436
0.138530346966
0.13918904342
0.149375515582
0.0679380012612
0.00415402932586
0.10394939265
0.245434133984
0.142652005086
0.109929209285
0.155746786425
0.153916282005
0.0326540727788
-0.0534229166523
-0.00128438616952
0.206192528364
0.229429684866
0.0272366532947
0.0883104723261
0.114150673469
-0.0337604832102
-0.10123725839
0.0199583904614
0.142160457909
0.225765471743
-0.0475736107165
0.0956206907012
0.126603290622
0.0261577837069
-0.0155902431028
0.0689118764868
0.128146418469
0.188003355723
-0.0959043947557
0.0759948190283
0.147226759777
0.0949500319435
0.0326643828501
0.104303193442
0.0899264391992
0.0691779991835
-0.106589759558
0.114060021983
0.190140409721
0.0576936178521
0.0185876327247
0.0494688061839
0.00618764991136
-0.0597946076765
-0.125020958819
0.0939250259145
0.115112817461
0.0025754528096
-0.0632592824176
-0.082639659084
-0.127676953974
-0.161462823252
-0.131961545788
0.091852677946
0.0466819772063
-0.0369743471912
-0.108029612521
-0.13058694967
-0.178084159014
-0.201346923908
-0.113925637942
0.0414259451806
0.0182722779088
-0.0552609611027
-0.125223169778
-0.16596695774
-0.206451003778
-0.216439606951
-0.061422316275
0.0270971436169
0.0186158063254
-0.0777209270838
-0.119556126195
-0.170199392481
-0.195362090451
-0.19621864417
-0.0241276534105
0.0239640789532
0.0147703916265
-0.051675758102
-0.0915659516902
-0.152995977063
-0.167317030506
-0.16132892769
-0.00022494502085
0.0124518471738
0.0371964021026
-0.0420515526756
-0.108894382998
-0.162259426824
-0.149357078188
-0.122323347286
0.0468237825808
0.00859281353005
0.0377482703199
-0.0343807309509
-0.0941772283242
-0.112633264094
-0.132017148496
-0.0861937459691
0.0471582374991
-0.00502847416678
0.0100855355233
-0.084562971564
-0.143055226713
-0.148257439106
-0.139070411743
-0.0654512928975
-0.00506913583943
0.0206397412837
0.0991739201251
0.113518832934
0.093114720235
0.0608095614104
0.032740173669
-0.00591402335339
0.0333679194055
0.10064899569
0.119769308987
0.0663887592875
0.0722310086711
0.0574442919513
0.0522730683682
-0.0129483393075
0.0797572939007
0.133679421457
0.0692299644378
0.0482286109429
0.0675114958471
0.0542803137494
0.0302862432319
-0.0374744490264
0.0959759730554
0.112531238259
0.0565857986002
0.0532860475053
0.0815369705118
0.0526006396363
-0.00380362707443
-0.0549903549804
0.0595622279879
0.0658647897068
0.0166977801032
0.0383837632291
0.076739310672
0.0101127787512
-0.0399974754879
-0.0652268940715
0.00798081932018
0.0396250512987
0.00772458877049
0.055404254892
0.0656051375957
-0.018721802558
-0.0442255743365
-0.0499226254212
-0.0796594004824
-0.033734792518
-0.0193677022687
0.0339496475924
0.0424101667555
-0.0327644015946
-0.0507738160417
-0.0367926345391
-0.139859899107
-0.0680759300081
-0.0455989059684
-0.0132618708138
0.0135826898892
-0.0272802772566
-0.0240724575853
-0.0125535672469
-0.157890788259
-0.0957841465307
-0.0891756413604
-0.0401221057838
-0.0311733595855
0.00577873160402
0.021691623746
-0.0142127096373
-0.148011147155
-0.109698260477
-0.0873825851685
-0.0270505894613
-0.0194873878956
0.0106069995759
0.0293280258258
-0.0426624526252
-0.129006678223
-0.112476045817
-0.087555209624
-0.041890356412
-0.0217776039687
0.0138409706505
0.0124648453233
-0.0566918106865
-0.105745207749
-0.0912617944285
-0.0647974340435
-0.0465696546257
-0.0148291652474
0.00458745215959
0.00238283642628
-0.0212083509191
-0.0790705982533
-0.0796316274051
-0.04658116153
-0.0265009928297
-0.00575419768312
-0.00434978524769
-0.0256686745256
0.0288648543052
-0.0616994825971
-0.0606880038241
-0.0474297646633
-0.0196129990618
0.0028898227855
0.0125490201103
0.00650926760293
0.0504265264843
-0.0382836002553
-0.0441207460953
-0.0323536192703
-0.0106044698442
0.0277876724478
-0.011363789279
0.0254573598559
0.0563755955138
-0.025842236513
-0.0307497770337
-0.0276134610736
-0.0233991197901
0.00373707344591
0.0171544250221
0.0330369466724
0.0172559875016
0.00105432141079
-0.0226627403846
-0.0325194619171
-0.0174192705639
0.023884163543
0.0472668997724
0.108896589199
0.12181336956
-0.00636451699978
-0.0186439485962
-0.0429651804637
-0.00486400165239
0.0528259787866
0.0580948732798
0.0271072423395
0.0195834258066
0.059433481063
0.0319207076734
-0.0108773678401
0.0177326084644
0.0691277050932
0.0805158622222
0.0549958029039
0.0226658622681
0.0996329863025
0.0457848542273
0.0671474800176
0.071491960703
0.127130977109
0.121572611315
0.0759088520019
0.0616467625707
0.23549375589
0.0766672129624
0.0791367558697
0.134839800204
0.17858041564
0.159699580519
0.131681839576
0.162710030906
0.311753759617
0.13804430996
0.131833927502
0.0824393307409
0.048885544623
-0.00112526090411
-0.0269636275392
0.0324727678682
0.357482414575
0.234781135366
0.117839300142
-0.0148810804368
-0.115955427337
-0.194469044326
-0.249093912676
-0.156528299706
0.285736438682
0.347384770302
0.126642546922
-0.0751336611603
-0.191283661442
-0.245037614755
-0.286726179757
-0.292819946943
0.208841832059
0.388730612294
0.177096271201
-0.0846060771017
-0.18622352727
-0.228596867327
-0.260684197838
-0.305572967954
0.165219536811
0.310085417108
0.187769751028
-0.0421407616401
-0.130502400804
-0.193036377122
-0.249045275863
-0.327688994642
0.19902519041
0.168262735723
0.124743989902
-0.0381026551529
-0.109263303836
-0.204015787453
-0.291636775281
-0.383191637357
0.196451105832
0.128607265388
0.0419605375688
-0.101100543945
-0.166444262691
-0.23443600975
-0.27533337734
-0.342019861948
0.124963066346
0.00680937162056
-0.0238344279435
-0.113353786142
-0.146779497608
-0.205414245398
-0.228525070167
-0.24293936252
0.0598012274103
-0.0219618848206
-0.0359241260285
-0.104913491883
-0.138515024237
-0.167731801659
-0.193993828704
-0.191644237103
0.0140423902443
-0.01997682202
-0.0622441086974
-0.0927785554224
-0.0970785442169
-0.114329975742
-0.137406805107
-0.121926129745
0.00345840885327
-0.015452690879
-0.0745454967035
-0.0956012366324
-0.116632789846
-0.105014746808
-0.101655628015
-0.0900008300405
-0.0567560384865
-0.061930634188
-0.0707037880855
0.00393542572595
0.0302232558427
0.0468192389237
0.0600475695026
0.0496126577898
-0.0504528195643
-0.028786487816
0.00727612502011
0.0564997054001
0.0449054325692
0.0458004241603
0.0495702624022
0.0518069622394
-0.0409964627402
0.0347485916259
0.0782384153509
0.0853155514771
0.0673463797891
0.0631583776204
0.0344063986639
0.0503027964582
0.0397248052165
0.11238968443
0.111079092793
0.0704340976402
0.0774298516154
0.0438201249702
0.0211057655244
0.0520600253566
0.121150896476
0.152876461911
0.119011020133
0.0633154988786
0.00523377139025
-0.0504815147766
-0.0746236406064
-0.0149041422338
0.164334276929
0.17825433141
0.0905244152623
-0.0528735435676
-0.139921308334
-0.175711828468
-0.194097341489
-0.167541643667
0.101202634897
0.144740956404
0.162236308985
0.0168796115105
-0.0904678125304
-0.144551910896
-0.186566464
-0.221253184801
-0.101829078604
0.0295180360152
0.177107130778
0.179004848549
0.0890472659925
0.0615982369947
-0.0228060287732
-0.110561613036
-0.324081560904
-0.153199572272
-0.0527202633184
0.0140227510905
0.131271208659
0.195084417587
0.210576447981
0.144630280841
-0.374053390368
-0.270355367181
-0.236159539261
-0.162796586923
-0.0409445927713
0.0998959620226
0.217462886165
0.311615400538
-0.305916807665
-0.239466843631
-0.234728908083
-0.207069063113
-0.0776369624139
0.115038332177
0.23146234133
0.358011520875
-0.103314353606
-0.117843462412
-0.103336514412
-0.0477684187375
0.056424652295
0.127503335508
0.180664870251
0.297028810271
0.0336714966681
0.0270921870596
0.0306496553954
0.0387800401836
0.0609358071689
0.113848551453
0.137462679219
0.139346445046
0.0511953728925
0.0433302142211
0.0482957677019
0.0530813385104
0.0187702329926
0.0602417563241
0.0379885280989
0.0250018004645
0.0500905689061
0.0305502097176
0.0381937091426
0.0269674384085
0.0155250177928
0.00449452827626
-0.0027263317437
-0.00289689028387
0.0923003780465
0.065301708559
0.0539798062885
0.0179150928945
-0.0339603136589
-0.0701381804917
-0.0613996575474
-0.0431239315182
-0.00592835092126
-0.0469689367669
-0.102426655338
-0.0825241384824
-0.0591953777009
0.0050661077822
0.00396948650374
0.0286082193487
-0.023091938855
-0.044190605801
-0.0121967542476
0.0451436378868
0.0718378900154
0.038304805835
0.0298147043016
-0.0271296057169
-0.0630804197327
-0.072259383334
0.0245658042797
0.102137690054
0.100756820012
0.0782538722912
0.0263921406342
-0.0810875460106
-0.100684738016
-0.082231218254
0.0208924881758
0.0951305647267
0.101290049626
0.0850780642686
0.0029038641747
-0.113901977634
-0.0935646380011
-0.0483343466932
0.0730983040227
0.147130206015
0.064958803411
0.0965749284751
0.0517271794514
-0.0927795851544
-0.0979044509963
-0.0775207792339
0.0390518251168
0.177545661369
0.183614106358
0.102637249323
0.0761884588109
-0.0324521368814
-0.0450225678001
0.026064992848
0.0990142267902
0.183383303263
0.164291857475
0.146267164723
0.125173079767
0.0637549781421
-0.0199160444645
0.00127552890802
0.0968041296792
0.185904242237
0.137098365092
0.166230769795
0.0861274487369
0.0562007802426
-0.0509100799962
0.0628467133643
0.133329388422
0.165542880772
0.164802833677
0.182611594652
0.0821524517703
-0.00257498231991
-0.181376133426
-0.0467358351524
0.0737603970633
0.102939652613
0.187146739591
0.0910866133943
-0.0613470406539
-0.156376565561
-0.259898088194
-0.178242648009
-0.0779018150051
0.0555023153156
0.108169196964
0.0231191545182
-0.154007267691
-0.258632222191
-0.241933136837
-0.190754628921
-0.0909078966311
0.0747683344424
0.106118785396
0.0253695896645
-0.120582469132
-0.160582682871
-0.19728324655
-0.173587547303
-0.0777446654012
0.0801579934459
0.12413764454
0.0734691887663
-0.0472280170056
-0.0514358489258
-0.152425732525
-0.154185501132
-0.0672128607153
0.0963507571535
0.125208182171
0.104929789005
0.0253687035408
0.0104958218237
-0.0928853173649
-0.117931529854
-0.0838071107795
0.0767670875374
0.100814230938
0.0980294935392
0.0608529845493
0.0498513047796
-0.0518901185778
-0.126186711841
-0.128644560835
0.00197590060521
0.00235781357811
0.090904896076
0.0904757035917
0.0576419650855
-0.0570425099395
-0.0572393888932
-0.0977548864264
-0.120471938463
-0.12578050998
-0.0883519536236
-0.0282678956294
-0.0104318871526
-0.0807572146247
-0.0786368742975
-0.124389875176
-0.131130719125
-0.136958099256
-0.0990259436976
-0.0349831467203
-0.0140379727634
-0.0353931169199
-0.0904075783536
-0.159599284608
-0.182709483315
-0.187031621622
-0.125766907648
-0.0565761526335
0.0656236966502
0.0362585973257
-0.140591756717
-0.212746785146
-0.238248106757
-0.203112344042
-0.131641269508
-0.0792425635228
0.152887177759
0.204045110077
-0.179151174038
-0.279958325784
-0.318577256326
-0.225229378099
-0.0873597289273
-0.0496705991772
0.179744045714
0.303911495181
-0.199698420734
-0.277121201267
-0.28657024492
-0.162480498495
-0.00832319740818
0.00719308181393
0.257533396309
0.323627509905
-0.17370817653
-0.270045436279
-0.256864995206
-0.0349929315331
0.0890346283335
0.0884202966452
0.23478866701
0.327903012069
-0.138782959259
-0.260349722723
-0.256543312571
-0.0103216228878
0.153107545701
0.126143349172
0.188078230264
0.346923791673
-0.0708606035858
-0.272000842107
-0.196738285625
0.0432929989265
0.228041028443
0.201331823304
0.161506047204
0.268815574003
0.0331708125736
-0.111451337504
-0.0649813193943
0.0775789797399
0.250461309113
0.313304452447
0.171494054896
0.137034051003
0.0798189990046
0.0900310731002
0.0800150216871
0.0342785118455
0.129043030362
0.281099516185
0.184786176483
0.0401485290326
0.0326783804536
0.0907380827011
0.0573623645839
0.0510558928898
0.0802825050289
0.173726200205
0.116264476992
-0.0220001726844
0.052407361983
0.0741949839166
0.018687517036
0.00853051818148
0.0469392013053
0.0799749120555
0.0401855738381
-0.0746693608358
-0.0109726609664
0.0181087986821
0.0228898099799
-0.0114650666419
-0.0129210669674
-0.00701599471078
-0.0671075031172
-0.0845340885
-0.0545073595199
-0.0469346106188
-0.0301914388526
-0.0385487207475
-0.0446498035799
-0.054363057166
-0.094439857019
-0.057292055521
-0.0630788873521
-0.0443143053358
-0.0228224427472
-0.0302802932161
-0.0404254346239
-0.0660351496718
-0.0703312254276
-0.0117651044793
-0.0479757527576
-0.0835249447482
-0.0960852075626
-0.101450117679
-0.0796696783099
-0.0290785684907
0.0715024729872
0.0196682781651
-0.0494711978647
-0.0792596565274
-0.0819361273493
-0.0917105728158
-0.0696995360396
-0.0249034672319
0.148366874803
0.0533676095618
-0.0424390239715
-0.0867312795282
-0.105955548855
-0.113016885089
-0.0970448072669
0.00382591384111
0.238614267687
0.0752971224073
-0.0496597818136
-0.111558333853
-0.13256714851
-0.12957691722
-0.0940180149141
0.050380246455
0.259352139634
0.155309859804
-0.0417536139582
-0.134918969424
-0.172197959968
-0.157912347648
-0.110213766887
0.0871164430207
0.246340686139
0.189570723332
-0.0394625108655
-0.141835717483
-0.159318375345
-0.151171972326
-0.0724182968599
0.130581444347
0.173256138902
0.145563948754
0.0368693841765
-0.110775724513
-0.161330300382
-0.158517872769
-0.0329515423338
0.145101750004
0.083232138458
0.0275666477842
0.0762234018179
-0.0391008992179
-0.164957128489
-0.147468456805
0.00989721915044
0.115013220916
0.0452958024689
-0.0561108223468
0.0494581603661
0.0240037565631
-0.111240916986
-0.108913466898
0.0157908970414
0.0728668529794
-0.00060834018421
-0.106937107453
0.0243729936114
0.0431733283046
-0.00709725937904
-0.0161871164097
0.0304411011729
0.0575618426913
-0.0442793347093
-0.124033182809
-0.0187730556347
0.0598856887845
0.0921966799518
0.0408356501755
0.0472094855747
0.0395947755355
-0.0771250779042
-0.123078782678
-0.023121344122
0.0627011229863
0.119790605961
0.103619583194
0.0801483719467
0.00926930212206
-0.0878708544563
-0.0949525696549
-0.0517989077855
0.0348623777027
0.0819352385158
0.084979413221
0.0674412165179
0.00732486610343
-0.070516712962
-0.0509482345896
-0.0461028660215
0.00815781267696
0.0504660739431
0.0717797134663
0.0602735554721
0.0169652362418
-0.0512153864207
-0.0439469230141
-0.0411660371363
-0.0228173942139
0.00712589032552
0.0361070293268
0.0238123849735
0.00759884523231
-0.0298466366543
-0.0358920236715
-0.0466026568503
-0.0603720012003
-0.0445927209614
-0.0157520284866
-0.0141216998996
-0.0242506365856
-0.0315664490836
-0.0215896868833
-0.0333227126008
-0.0525223437729
-0.0650329878353
-0.0683611794585
-0.0591054442652
-0.0430348180933
-0.0296861018906
-0.0337954235844
-0.0375055989012
-0.0505125159997
-0.0581978631939
-0.0609826817333
-0.0550438430968
-0.0501404708563
-0.0459698399824
-0.0586810800393
-0.0534201935226
-0.0650219357246
-0.0736320048593
-0.0772169172776
-0.0670951000851
-0.063726285096
-0.0649353167976
-0.0735201937864
-0.078316646619
-0.0866428028278
-0.0972439706755
-0.0991143508639
-0.0895579902056
-0.0711870314666
-0.0532170646568
-0.0557430080847
-0.126542144184
-0.135678300915
-0.146192488213
-0.155118557754
-0.132653892374
-0.083236952745
0.0693825044783
0.015355638531
-0.163124853741
-0.178955664802
-0.154260731541
-0.154508653231
-0.151694143388
-0.0721124565379
0.222515403888
0.110376892186
-0.171222504077
-0.12459193033
-0.0185733336457
-0.0947591324194
-0.153291246947
-0.0576947751456
0.312318113834
0.132137342663
-0.126834496289
-0.0212680987565
0.112070440057
-0.0141454951889
-0.123325670853
-0.0374010424458
0.277359114218
0.113086191213
-0.0486090848657
0.0916045037066
0.167562503238
0.06287537289
-0.0266105863653
0.0169869014485
0.194913039511
0.0887605103325
0.0680660747153
0.17098168711
0.160706334986
0.132399897241
0.114820017378
0.0907648984445
0.097845387629
0.0259660615052
0.0944358816607
0.064743864038
0.0152999716719
0.0479284718036
0.119728745521
0.0666017487428
-0.0258033969879
-0.0405644654633
0.0144542764433
-0.0549091825269
-0.0834489384563
-0.0668822196388
-0.000302655843021
-0.0077451104728
-0.0664585409377
-0.0909276655749
-0.0647484225108
-0.0889486967329
-0.0973974991276
-0.0867809860826
-0.0740381847483
-0.0783815654442
-0.0820109592585
-0.0734265791118
-0.0697392669229
-0.0867644034427
-0.0911311770926
-0.0914003421597
-0.081724082109
-0.0704401793125
-0.0623479401546
-0.0429494803588
-0.0556787552362
-0.068462680021
-0.0717362291644
-0.0751849971561
-0.0669229104316
-0.0531090631878
-0.0357006645775
-0.0271761009729
-0.0426780312872
-0.0578773119531
-0.0660546635507
-0.0714044498393
-0.0605797064293
-0.0395442614993
-0.0225517888828
-0.0171841671243
-0.0368855581966
-0.0640505724836
-0.0762273524917
-0.0799009217157
-0.0678381965694
-0.0377574052691
-0.014972600442
-0.00424293135412
-0.0415089797197
-0.0591826757217
-0.0591694756598
-0.0597462527079
-0.0458025657084
-0.0268442742258
-0.0172330759126
0.0175453986231
-0.0304436996816
-0.057233625168
-0.0684789349996
-0.0660955484455
-0.0265943390843
0.0059753100971
0.0150999244137
0.0383838857863
0.00824831062934
-0.0544831545586
-0.0720866599446
-0.0714962358629
0.0155055084045
0.0668494313899
0.0322925556018
0.0441765598876
0.0466076593707
-0.0340747070722
-0.0715686930599
-0.030947608242
0.0730788769478
0.0986519409065
-0.00572928744155
-0.0128266160562
0.0672575059809
0.0190129262525
-0.030728022482
0.0414289105464
0.0702148076436
0.00371575150263
-0.0856760361317
-0.131487664444
0.0284467603449
0.0969655875308
0.0873119392876
0.0781202425748
0.0196313576349
-0.075210312664
-0.11361513174
-0.225883569318
-0.0754965185556
0.11036793415
0.138680242461
0.0689307155272
-0.0268385654532
-0.096161667224
-0.0960117736621
-0.231466395794
-0.0660834477268
0.0834985633298
0.127969098645
0.0766127756464
0.00190605510308
-0.0632092675985
-0.0956936593047
-0.158035595215
0.00378632490769
0.0746479106652
0.0331336616729
0.0805930286965
0.0972778197816
0.00848917900395
-0.07336870445
-0.0132233025761
0.0658687849563
-2.88722826366e-05
-0.0788934897287
-0.0446850547945
0.0463190019071
0.0618918734112
0.00073912172349
0.0604713662491
0.0266709549125
-0.0756308458048
-0.116851940064
-0.0923808524606
-0.0322675267298
0.0133081848899
0.012691977359
0.0769791259171
-0.0098745020308
-0.083556144205
-0.0960834911064
-0.105475163903
-0.0604371274648
-0.0238357442051
-0.00770672430934
0.0315773256488
-0.0397676028235
-0.0818767156428
-0.0830506305723
-0.0947790931847
-0.0723249321228
-0.0304728132482
-0.00791138366048
-0.0191588070464
-0.0465259464881
-0.0690884775536
-0.0666251866828
-0.0770759421226
-0.0685644005611
-0.047657127284
-0.0113397272353
-0.0174027900155
-0.0438958491223
-0.0680985491917
-0.0713285518222
-0.0840513759747
-0.0736858896235
-0.0458288902743
-0.0233923005788
0.148572488843
0.125606783203
0.00448795022782
-0.127574854825
-0.150088393413
-0.0711460172568
0.0878854979077
0.133798671009
0.182485570569
0.215093475482
0.109397629924
-0.0425552140644
-0.0353383126623
0.0539679997693
0.123118654169
0.193092189942
0.140326579188
0.173341890693
0.164271161702
0.0375057426778
-0.0103056154378
0.105024420017
0.168987647943
0.186726947861
0.103627829875
0.0987362186981
0.130733241451
0.157802726673
0.0981300271998
0.184941600861
0.218224163976
0.124652362394
0.0066245456441
0.0153533722301
0.095751206532
0.126671118123
0.13829649354
0.250771786743
0.215650804782
0.0354374562371
-0.0883963694397
-0.0282294171541
0.0668505584031
0.0938208797716
0.147875898824
0.262091273455
0.148825599021
0.0260231354392
-0.197021851455
-0.139075147495
-0.040568468832
0.0397384938182
0.15711450721
0.208572757911
0.12241102369
0.0551960884849
-0.264552180153
-0.197465525795
-0.124084436797
0.00820448278154
0.108381729783
0.065106022188
0.0716677791532
0.0261860594864
-0.280673581575
-0.208861450749
-0.117787448897
-0.0309522906389
0.00871796476176
0.0249377027076
0.0146111074914
0.00221390227894
-0.251228043853
-0.176616917745
-0.0425911956569
-0.0126879187999
-0.0190086937485
-0.0429886675561
0.00646626205077
-0.00315304000815
-0.185846710529
-0.0712172479935
-0.000154093918166
-0.0609191756517
-0.0407433185854
-0.0699137435133
-0.022203734747
-0.0368444412291
-0.12161043235
-0.0267632949602
-0.0289047269198
-0.0707974742297
-0.0470037151522
-0.0712150267307
-0.0334241139186
-0.0384826720736
0.0226097332959
0.0294297291001
-0.0290282444797
-0.0493786129618
-0.0561729708214
-0.0635074536547
-0.0246065806907
-0.0183199937606
0.0791029293082
0.0254996596358
0.00765656601514
-0.0158136610347
-0.042987625553
-0.0423583492588
-0.022197565511
-0.0100483799962
0.0963090794435
0.0373075989146
0.0126271370244
-0.0093951307044
-0.00746873259986
-0.0332056391585
-0.021696532829
-0.00146307986337
0.0899964089071
0.0792531079557
0.0515184998358
0.0335712584602
0.00971744943004
-0.0146612821279
0.00908382807585
0.00301311969483
-0.0231237631783
-0.0411329715227
-0.0817762875348
-0.096519920349
-0.112083912356
-0.112336920129
-0.0955856733628
-0.0611135494325
-0.0175450932171
-0.030026192556
-0.0660412061981
-0.0655662741019
-0.0620194418425
-0.0566666154234
-0.0742128908459
-0.0663217797539
-0.0112487401483
0.0335575840177
0.0180945791387
0.00704450125925
0.00999523809078
-0.0128284768264
-0.0483351408926
-0.0604209564871
0.0621982308651
0.0920165680715
0.0568954204795
0.0149581670041
0.0335944740902
0.00860990896864
-0.00880769013285
-0.0474487897719
0.170610750352
0.166035001517
0.128157424795
0.0872219039499
0.0752339449474
0.0812313803734
0.0195672526936
-0.0427178122493
0.000913737502957
-0.0239692905781
-0.0456856860791
0.0290839251376
0.062915933954
0.171904662478
0.0561792522617
-0.0543074613591
-0.20255463303
-0.150169540374
-0.104632727423
0.0492029015577
0.21270326466
0.238331063805
0.0444442062877
-0.0483248622448
-0.182108065567
-0.0724120404565
0.0505891567134
0.167487314577
0.225424492181
0.159741693921
0.0137003062135
-0.0586011715467
-0.247278338781
-0.0876478811563
0.121268970613
0.171740447194
0.0689931999631
-0.0437110394552
-0.0947467114987
-0.120010134666
-0.277686022102
-0.0129080043872
0.171045056908
0.0871701304701
-0.0557184378387
-0.095318275409
-0.071548437642
-0.0771100249607
-0.129948428136
0.0891726326374
0.14382608676
0.0983125747787
0.00904594467393
0.00819500886128
0.0150160165497
0.0427260477417
-0.0535084960825
0.0451811371066
0.109784923989
0.0807003920633
0.0984292151526
0.0892868660128
0.115488591199
0.131910191843
-0.0183483876075
-0.00345233634064
-0.00798183239309
-0.0297141114384
0.0125774397351
0.0631651381758
0.0788812195868
0.0656435612483
-0.0456932842939
-0.0347039428897
-0.0212625785786
-0.00444172048247
-0.00751626731135
0.0223387785925
-0.000283478718808
-0.0226921257157
-0.0518275552697
-0.058044535137
-0.071411010678
-0.0829536666402
-0.0983689873504
-0.0749719929129
-0.0760604401644
-0.0351547052566
-0.0519308378296
-0.0761553082261
-0.0948709635269
-0.0931313947125
-0.0989194954736
-0.0810062681852
-0.0621731420716
-0.0178641057603
-0.310786291214
-0.119985052081
0.307881678638
-0.122103265601
-0.297935716434
-0.0926738987386
-0.142871906642
0.109794408234
0.116876094253
-0.0278915993296
0.0846399063176
-0.0278758746637
0.121928445883
-0.246146025316
-0.179028699017
0.0671147673013
-0.0511026880275
0.391203809468
-0.109667784186
0.0735634148288
-0.0686978491082
-0.0703018483522
0.123668887677
-0.0506264553821
-0.0859465283708
0.0426377630872
0.610070523917
0.137143159124
-0.0667008687623
-0.0461427058966
-0.16114974185
-0.0305774077397
-0.0607091720302
-0.0347950220087
-0.0734483253641
-0.00918031455204
-0.0355639549924
-0.0635685011884
0.121247950539
-0.146699092159
0.0537744129617
-0.0499968460615
-0.0176576719799
0.0800590095383
-0.0479712080683
-0.0525531648821
-0.0905274341902
-0.0241758847858
-0.0230281727334
-0.0176088733011
-0.029598957272
-0.0369426434706
0.312948672513
-0.0528691511335
0.0458367048281
-0.0548703244704
0.354361353638
-0.042374328254
-0.0702911752496
-0.035189498397
0.416940609453
-0.0120423948806
-0.0412620542779
0.0725697094808
-0.0600866291365
0.185892701911
-0.133553182473
-0.0686400522109
-0.0226314797068
-0.0963432681468
-0.0472265755629
-0.0667152807139
-0.0863798618431
-0.0289824459873
-0.0253232942437
-0.0203503139647
-0.0366370396276
-0.0429171615448
0.0249890736539
-0.0472969933885
-0.0674393395955
0.116352524298
0.486674648335
-0.0364055103623
-0.0636897344313
-0.0312875472286
0.0873514573991
-0.0104135661446
-0.0360119582536
-0.0818112921887
-0.0632260593024
0.224561259071
-0.127761646932
-0.0526120542371
-0.0191435960776
-0.0803273088127
-0.0453330263344
-0.0620535603508
-0.0818472607277
-0.0264498644289
-0.0231759026373
-0.0202657428595
-0.0383267852959
-0.0442793507806
-0.367382123433
-0.147819278605
-0.031164353257
-0.00203483166647
-0.358968286558
0.0322822852905
-0.0896591618924
0.00514810402529
-0.159507260633
0.11658012564
0.21000982197
0.482409035438
0.0283614474625
-0.0436491317575
-0.331813494423
-0.0260123496367
-0.0674574638821
-0.0785834874521
-0.0449672064688
0.297417493491
-0.157265801312
0.295294362152
-0.0772163481824
-0.0652969583464
-0.116540906751
-0.00227163762145
0.0497820020598
-0.0379988875227
-0.0415805488463
-0.0375928067167
-0.115559781441
0.168689494937
-0.0482856458018
-0.023632215902
0.221266024792
-0.00744283155532
-0.0257369620689
-0.0656752621617
0.0587512535832
-0.102941641494
-0.0839789763555
-0.0402368808858
-0.0144085824631
-0.0499454094536
0.101210628182
0.0944583716317
0.122457927606
-0.0189200805908
-0.0167669123479
-0.0138939238108
-0.026558398136
-0.030213305342
-0.169799236046
-0.0598229555319
-0.07043122146
0.0431488918166
-0.187037842688
-0.0435391714572
0.088697959347
-0.040899865813
-0.00639602280938
-0.0137943522159
-0.0414962856884
-0.125838313348
-0.0786801845499
1.08834331602
-0.0307069515012
-0.0589747737864
-0.0265427208194
-0.0791261113448
-0.0689124611582
-0.0747150413805
0.0619813141474
-0.0324889049141
-0.0306131867824
-0.0234172294595
-0.0479384133132
-0.0516322409855
-0.107572121369
-0.0347378999
0.125482985745
-0.030123392099
-0.116073077294
-0.0226644915075
0.0946329011594
-0.0217399616883
-0.0536197606777
-0.00636949526652
-0.0237792753858
-0.0471501494454
-0.0417095052474
-0.0945934251498
-0.0869077643413
0.290887008251
-0.0127413466034
-0.0526761909412
0.178513401018
0.081361423376
-0.0564568787832
-0.0166452104827
-0.0150223482596
-0.0121656751668
-0.0223056743528
-0.0265890843859
-0.268206736577
-0.0245379585135
0.0276346666601
0.185406958224
-0.295643873993
0.205855775677
0.00591476063005
0.0778351026738
-0.0598108708194
-0.025701984127
0.255943219536
0.445332849348
-0.0457858553376
0.148009569945
-0.0572282298505
-0.116127263627
-0.0499773726573
0.377054504085
-0.115058959926
0.706247652725
0.102026075057
0.125671487434
-0.052921169499
0.138266334377
-0.0884104707087
0.207002281467
-0.0309815204521
-0.0114686202199
-0.0129161160115
-0.0113569047147
0.0782165669216
-0.00737428311772
-0.0140741844713
-0.00711734936408
-0.0211687034033
-0.00211546169008
-0.00779697007371
-0.0195758645702
-0.0117109125135
-0.0353393549013
0.127832584674
-0.0103741206125
-0.00409539324037
-0.0153317335316
-0.0103234921866
-0.0134485972722
-0.0194792807949
-0.00544238583539
-0.00483891782847
-0.00394889732436
-0.00728758446086
-0.00903419545832
0.0727561601672
-0.0362401751464
0.239638840096
-0.0348813428213
0.022574277198
-0.0249898569376
-0.0475744055358
-0.0238830421467
-0.0616016220112
-0.00715572507116
-0.0272003209913
-0.0542267497207
-0.0442996638277
-0.101007910755
0.0530727580403
-0.0434757450597
-0.0139730841555
0.138224675294
-0.0361088915112
-0.0423752628569
-0.0619008648636
-0.0189154173425
-0.0165983072385
-0.0136958990578
-0.0245985381598
-0.0302916512991
0.414531434386
0.445237320439
0.066284196552
-0.093175467752
-0.142241071021
-0.064390429936
0.023436713048
-0.0696769065477
0.115160149975
-0.0196620709114
-0.0687880639384
0.18328281548
-0.0872398922461
-0.223983954907
-0.0303119279985
0.0890926759805
-0.0383852303503
-0.114136466298
0.0826782934516
-0.112711615232
0.240512024624
-0.046557918878
0.0749777101705
-0.0349357763826
0.0981932345402
0.0847587695757
-0.150103738163
-0.0424507616247
-0.0743336971437
-0.0430462259039
0.0519664239072
-0.0328586673684
-0.0589544255458
-0.032436239072
-0.0789579972916
-0.0102812676387
-0.0372895661417
-0.0635102908801
0.0811309736756
-0.159094741244
0.396580006716
-0.0496106862163
-0.0187180716956
0.182737540443
-0.0423478556858
-0.0555661638854
0.0773651960699
-0.0298877616686
-0.0301763067182
-0.0191355699873
0.08342850152
-0.0390153962064
0.199013759631
-0.112426604704
-0.160444453161
-0.120921766656
0.118816481446
-0.0909435501571
-0.141856818274
-0.0824982149775
1.15336800557
-0.0320444114037
0.0187479907365
-0.0839911383251
-0.139026886503
-0.165904954548
0.249947269676
-0.13217084441
-0.053842529447
-0.0375433600755
-0.103566404876
-0.137067221004
0.185884742972
-0.0696043625804
-0.0651875248324
-0.0487371949429
-0.0820409656633
-0.0936126159417
-0.248809023523
0.0237005838743
0.268642459918
0.0659533042307
-0.234568415371
0.139859484223
0.00126249031731
0.0833323137319
0.124035282833
-0.0254316113083
-0.0854608399162
0.105296200149
-0.111113572783
-0.10501332525
-0.172804238794
0.0399405931683
-0.0483032776187
0.341274349786
-0.100616317252
-0.123882651916
-0.180776666573
-0.0608616038884
0.137080102906
-0.0420175265621
-0.0798366290667
-0.0800853801702
-0.00807544020994
-0.0433963501063
-0.0520289263784
-0.0499059921239
-0.163686493857
-0.0390577110459
-0.0634470921556
-0.0294273282027
-0.0911846790516
-0.00984696592434
-0.0341069150733
-0.0835377333546
0.604274569822
-0.170174384135
0.0313294645479
0.0936288660777
-0.0195902522063
-0.0728688758454
-0.0490838745501
-0.0628415668497
-0.0838700398196
-0.0252578493144
-0.024595928621
0.160442041803
-0.0392487438196
-0.0427170586702
-0.0588488206917
-0.0219369555625
-0.0242093741155
-0.020427370983
0.039197000044
-0.013996963581
-0.027603981489
-0.0136995528696
-0.041150833033
-0.00411733243184
-0.0146463272348
-0.0373545983044
-0.0235905526601
0.136925130323
-0.0491973377638
-0.0200288729814
-0.00803324055775
-0.0278270813348
0.160064185258
-0.0251563466577
-0.0383755266468
-0.0103605862789
-0.0094172189945
-0.00752951413208
-0.0140306492822
-0.0172441478947
0.181114959
0.127978083128
-0.0931315572068
-0.0677734794693
0.378239118724
-0.0520129768868
0.0624195073693
-0.0428104321297
-0.118274536675
-0.0137597315742
-0.0507254612922
-0.104451874911
-0.10275512438
-0.179901468699
0.308032606451
0.246099822219
-0.0265700263178
0.0628006411687
-0.0624926418783
0.0586466477973
0.0729106955719
-0.0363579183417
-0.0313518618013
-0.0264606492065
-0.0506263478547
-0.0553904374083
-0.133677459668
-0.0474017079715
-0.0576182582567
-0.0447882307368
0.196428748824
-0.031277134715
-0.060316407311
-0.0316739676483
0.275417073819
-0.0102004404406
-0.033240463548
-0.0737040433632
-0.0572584014937
0.26713700491
-0.120756408965
-0.0426421946016
-0.0189875386492
-0.0631302906349
0.142305970653
-0.0530358013469
0.32743244503
-0.0267836276086
-0.0245033446619
-0.0177349849613
-0.0306623263042
-0.0379361761008
0.497720018436
-0.0669131362208
0.238241302833
-0.0616075682178
0.0492201182601
-0.0427518539645
-0.0793689567081
0.0987324016095
0.0762949844556
-0.0128753688356
-0.0451963106155
-0.103948795236
-0.0724701833138
0.272854306586
-0.138699297711
-0.0594152514281
-0.0245698887766
0.0208930898971
0.202677502635
-0.00302992816511
-0.111509821371
-0.0319707307844
-0.0294168022145
-0.0237842202144
-0.0431462632243
-0.053615147056
-0.185823016233
0.100690818123
-0.103182477043
0.0555408847328
-0.231292191422
0.090387596539
-0.124058395026
-0.0491023512371
-0.127426640884
0.101994667829
-0.0514210254685
-0.108999644593
-0.0798361104912
-0.0478015553207
0.265915608188
-0.0778733362359
0.472219314739
-0.104701508157
-0.075923992606
-0.0826639228444
-0.140498938555
0.0991611917179
-0.0354918264487
-0.0254050377867
-0.0506749032675
-0.0522963175743
-0.0718054372827
-0.02497173517
-0.032038246094
-0.0262293639055
0.0980415037601
-0.016949118216
-0.0334150319008
-0.0161505539744
0.0728600660017
-0.00503659574107
-0.0180400115708
-0.0394038035555
-0.0302420934831
0.0557384555501
0.0946457413201
-0.0250575138532
-0.00974977932506
-0.0360736478985
-0.0245911104228
-0.0299619786865
0.0626927682825
0.189734666229
-0.0119511299215
-0.00928533669472
-0.0170143269961
-0.0203643885927
-0.0623792987128
-0.0214093053926
-0.0283794700649
-0.0203206614857
-0.0767921543017
-0.0144787734808
-0.0274856172464
-0.0139033425943
-0.0391980737712
-0.00425632328527
-0.0153739132066
-0.0328197934945
-0.0273528130101
0.119503599593
0.239999790679
-0.02146795771
-0.00807818863155
-0.0329014524238
-0.0196662064451
-0.0247053183794
-0.0410461082643
-0.0116612191505
-0.0109920407822
-0.00787818174139
-0.013946406395
-0.0168554239289
0.126446996304
-0.0177575799279
-0.0231226244691
-0.0188980832828
0.292488853919
-0.0128920186416
-0.0224440212728
-0.0120584269163
-0.0367414387837
-0.00371534579624
-0.0136429635901
-0.0315894556362
-0.0224499343465
-0.0553476428387
-0.0455960216993
-0.0191880334679
-0.00703507220638
-0.0273624711679
-0.0175083834762
-0.0227207371463
-0.0328799230576
-0.0095029678647
-0.00870317029457
-0.00723245915598
-0.0130720118478
-0.0167254864552
-0.105208897596
-0.0359766266
-0.0411073123541
-0.0442031049204
-0.12265900399
-0.0285358163333
-0.0505260722877
0.14225223499
-0.0874677728137
-0.0080978683119
-0.0267730833251
0.848243821732
-0.0462978432427
-0.141672148514
-0.0861153018651
-0.0380815344024
-0.0156988350966
-0.0485038673709
-0.0376768616352
0.0878027219066
-0.0634968317
-0.0189241918898
-0.0169369156224
-0.0151452484267
-0.0312846130165
-0.0347276208671
-0.119769884597
-0.0408349162337
-0.0491849095421
-0.042460232012
-0.14077745441
-0.0290510312639
-0.0501746013907
-0.0279667050489
0.504872200275
-0.00895690627071
-0.030949061799
-0.0747637712968
-0.0480476857542
-0.118117295994
-0.0930183061161
-0.0406002019011
-0.0166974035644
-0.0556931662773
-0.0408017223911
-0.051841265244
0.278038277874
-0.0222240915421
-0.0199251999593
-0.0168024604406
-0.0300843914023
0.484887884518
