-0.182186236894
-0.223026983267
0.000982904271992
0.0174740893245
0.0253978496321
-0.158830812818
-0.0432146560987
-0.0858470993643
-0.160331111636
0.0223031560209
0.142883629131
0.102113502195
0.0542518693556
0.0922713220244
0.11719732679
-0.00317675669459
-0.294145618185
0.013945886932
-0.0122471165478
0.106454024667
0.140150153319
0.0906368728214
0.0422655451611
0.103933999084
-0.31569510718
-0.011772637903
0.109159180621
0.180821002007
0.227023036255
0.171109293252
0.0708964181861
-0.0724353781392
-0.517469697793
0.167944028862
0.112161305155
0.210408147447
0.266177440894
-0.0238238718301
0.0484181121474
-0.0365216111724
-0.422136353632
0.161704425802
0.170566417416
0.198089429707
0.122022325936
0.00290947144036
0.0365282664419
-0.0955027668179
-0.216864396313
-0.0387181563394
0.164628881552
0.113672604107
0.0209908457078
0.0795582133807
0.118656194838
-0.0529703832448
0.255683581583
-0.229246560015
-0.117839654776
-0.0602763646145
0.183863430884
0.316397497504
0.342901015767
0.0793107855984
0.614601650356
-0.219800537441
-0.154696434166
0.21520761423
0.423311533907
0.497981264274
0.552514141584
-0.0114475030062
0.625858269088
0.0260645365433
0.0482034910318
0.0888798773817
0.374845861624
0.596698280478
0.400406296541
0.176304593314
0.282535537435
0.038721548927
-0.168832781238
-0.171301378234
0.152294522955
0.198106790667
0.216138901128
0.535992606711
0.109711201507
-0.0283058108204
-0.151840467086
-0.222145614552
-0.0584913154839
-0.0675457914931
0.153094167956
0.446828197291
-0.0396874338627
-0.235389427514
-0.079922761025
-0.284586661236
-0.199544445965
-0.24733945238
0.133458480334
0.396623671587
0.211396047975
-0.0328741148721
-0.0402858814535
-0.319577314972
-0.314838698414
-0.318661808049
0.00761682662916
0.302409582668
0.107226361325
-0.0833695687202
-0.0927496427371
-0.214023324225
-0.427215660655
-0.301491912987
-0.28435465162
0.0639598776407
-0.0825093022968
-0.0613709683357
-0.225023154374
-0.344762314157
-0.373085333369
-0.307371407842
-0.169579583313
0.0284065258604
0.132928840465
0.0587882037727
-0.176088489517
-0.325298396101
-0.344811808751
-0.500805932786
-0.357496529418
-0.221984302413
0.0803105497136
-0.0102292971494
-0.215130339587
-0.142674453605
-0.22782292999
-0.285697822791
-0.281196505939
-0.217025005415
0.0749653481872
-0.0660063662939
-0.171327996399
-0.180536841385
-0.147059667983
-0.202789722268
-0.326525656954
-0.20944002241
0.133375818206
-0.0744832264321
-0.214214451289
-0.166603384511
-0.243862973949
-0.234812208324
-0.229722550618
-0.260142494019
0.0154694225573
-0.133774347937
-0.161008387323
-0.111279485721
-0.255789779991
-0.387053882933
-0.312475868737
-0.381508320783
-0.0231237355181
-0.189471549426
-0.215378949521
-0.189089853155
-0.291319535942
-0.173529270178
-0.280381303074
-0.489509984897
-0.183040438757
-0.111210340901
-0.0293975741503
-0.0867554840606
-0.120354837551
-0.136334294834
-0.220880505867
-0.518498048883
-0.114649703513
0.00556911745692
0.0306814921294
0.00827777299389
-0.172322491135
-0.0145915495682
-0.0751909296883
-0.216294477224
-0.211155589134
0.0404699622866
0.0405839533141
0.0699252074722
-0.052289270924
0.0141116019071
0.0849466609969
0.248211145131
-0.200412357726
0.0981825795957
0.192180419813
0.140870553264
0.0860524546888
0.0528023100835
0.0717557004831
0.513486324516
-0.086510835881
0.177751085398
0.303305900313
0.141285798912
-0.108102620087
-0.00261698195345
0.251413476162
0.648142018729
-0.0779475661681
0.222208889399
0.28857679124
0.266646418258
0.069280307646
0.16339730313
0.468781175392
0.603609882373
0.0399973399055
0.265900560889
0.294396839898
0.299753920991
0.11106443426
0.270217181727
0.359264004432
0.375825920875
0.165307563623
0.29057208951
0.392853353409
0.138898725279
0.21023071134
0.251726718935
0.322842039757
0.254113592594
0.262531922092
0.297317175065
0.313808860547
0.247148670298
0.36284270438
0.241077049243
0.274136568845
-0.0244156843567
0.266221511437
0.502917149321
0.456784755178
0.537681013813
0.459140993368
0.233122875093
0.0515662284538
-0.236091557001
-0.186771546491
-0.167548051769
-0.161938408752
-0.0355331611084
0.0749420378642
0.0840807737647
0.150274077826
-0.0439039707877
-0.237010895883
-0.0864510128201
-0.0260469918075
0.0223256815436
0.0373001032535
0.121833326516
0.0608445219725
-0.0411539820541
-0.338482105707
-0.239400154003
0.025565378811
0.095796221204
0.0969856137116
0.174489347093
0.0509785114739
0.0275149161166
-0.351272199624
-0.0767887050912
0.0968546392502
0.0278091402215
0.154502200645
0.0021357071962
-0.0634436109005
0.00282160275494
-0.310815356376
-0.0655590739396
0.131140852924
0.267806734736
0.131143571823
0.0383243251505
-0.0662561068915
0.058083570157
-0.204446160035
0.0992620714382
0.21861303601
0.280130429753
0.0300315548075
-0.105233919618
-0.219994866488
-0.11340024626
0.165148156879
0.00246131116109
0.00890561774766
-0.318173246186
-0.418426576122
-0.33220453463
-0.301263998738
-0.568888805327
0.660571415984
-0.0040298285903
-0.530688129921
-0.769721063598
-0.483915999616
-0.438931857518
-0.30326095293
-0.790512160278
1.03009448966
-0.132865109636
-0.796091520485
-0.707196058509
-0.688539465878
-0.559224367482
-0.421689105425
-0.425105565789
1.25262956194
0.353425982066
-0.279060891901
-0.511550332898
-0.484196184928
-0.371815023084
-0.0720642743683
-0.149163056625
0.564441432268
0.160770924659
0.114757236505
0.0609528583843
0.0721750540696
-0.0207904409476
0.0298923532413
0.0422232859159
0.160292937794
0.0324319039923
0.116720314949
0.132109782058
0.126607308
0.0473208101131
-0.0366119666354
-0.0824868058819
-0.113295350193
0.0969114871691
0.180707391753
0.137581277876
0.112505606573
0.209640397007
-0.0308137146179
-0.0880319610906
-0.183589758976
0.0016806112676
0.111798238601
0.244629763124
0.146092706797
0.140654005207
0.017264190049
0.0441871365658
-0.198211800041
0.0576779309808
0.0707682341799
0.201968582227
0.167376295761
0.134377251362
0.102026865646
-0.075062581305
-0.195540186562
-0.0979532719397
0.0556345579424
0.209366069164
0.272278987757
0.363694068253
0.306817437096
-0.0084224685612
-0.165050579086
-0.218257705798
-0.404800291076
-0.352077722286
-0.227905957499
-0.10192975303
-0.255031363539
-0.155918460279
-0.142216428126
-0.205444926764
-0.151444494655
-0.151280017342
-0.199895229341
-0.0558315731694
-0.257508171561
-0.130264515349
-0.0931625028517
-0.160510533877
-0.0590983982635
-0.0048872841897
-0.0770795501453
-0.184118495343
-0.22392494911
-0.226226223797
-0.329833854403
-0.262500392963
-0.261918160056
-0.122308618509
-0.069990822341
-0.0777388310636
-0.101127807173
-0.232755750654
-0.421159829338
-0.372737950847
-0.364145190802
-0.231224992211
-0.138156755318
-0.0293856499797
-0.0885160717729
-0.160278315777
-0.561632419845
-0.29812477207
-0.267402252836
-0.193161657686
-0.102745284017
0.100939207141
0.170537738439
0.0128427533596
-0.615483277093
-0.360545005237
-0.325555832537
-0.108313290747
0.0541522920793
0.0371027965782
0.241453455138
0.116470249118
-0.623792904932
-0.266512561175
-0.282358160983
-0.0101193814935
0.0779045967152
0.203944338328
0.0398922013656
0.181912101936
-0.364420849964
-0.0484418718302
0.0428814050571
0.023862462738
0.123831340756
0.294066925168
-0.0440230075969
0.198021056187
-0.025538358743
0.0974006742175
0.0369269626705
0.0357154482646
0.22799004688
0.193062358865
0.217666791583
0.139144946361
0.221082139406
0.0638417130872
-0.0294463826496
0.0283154037282
0.400050945846
0.320689983265
0.311068404785
0.0495745910318
0.415455120087
0.268945561887
0.163649452245
0.14045726475
0.336678225977
0.466386684805
0.246993437265
0.0564405677443
0.428916973305
0.369977785519
0.161088748595
0.160831173383
0.147293692936
0.292462023321
0.306608125775
0.282007879553
0.418383353602
0.336109101095
0.195220125034
0.0864524515112
0.247095776393
0.422535519837
0.273439379816
0.28927581858
0.257772641559
0.392343136281
0.21329161369
0.200915673336
0.186193153194
0.169237930202
0.323040843393
0.286562605566
0.129073850624
0.330142806747
0.495610229471
0.470671150455
0.221888822112
-0.0136895662134
0.131978891937
0.302972329919
-0.233738003243
-0.235863612684
-0.144397967072
0.0164164905667
-0.0601844049361
0.0134195517137
0.134774410605
0.0630462455328
-0.290040008272
-0.105328673295
-0.0840932920875
0.155236508666
0.0724464834501
-0.0483607811351
-0.0422348279395
0.0190740077468
-0.266736829462
0.0576329974417
-0.0111417739909
0.0807321272092
0.0971987477007
0.0310134927733
0.115220162582
0.0980745330997
-0.227837200784
0.117139334438
0.167798600155
0.1020240225
0.113197648533
0.154611712679
-0.0349649152276
0.177921420497
-0.213659802905
0.234736672053
0.135546885783
0.238170972062
0.222013468394
0.091265587552
0.0841904056707
0.311780714222
0.219556849435
0.302303778844
0.285492275503
0.141749055695
0.0811688146916
0.0654678466013
0.0875872965
0.229864767566
0.39711240304
0.467005726662
0.276077427964
0.228882864719
0.179502574805
0.115378729091
0.102105835503
0.181985185304
0.728695972136
0.480885628531
0.29100587005
0.0595072337913
0.182107064993
0.176063465405
0.154198560738
-0.391772269498
0.834295691919
0.521015196543
0.274265288765
-0.0124532317789
0.0208020019248
-0.105072607005
-0.448315764501
-0.751413790076
0.59721929725
0.271923976563
0.106394858037
-0.272855506467
-0.421639950711
-0.594679304933
-0.570573363979
-0.368355577862
0.316959939996
0.151319583546
0.123844331744
-0.0175983965391
-0.0432464212863
-0.172127338158
-0.136251592154
-0.128380125267
-0.216701672719
-0.0973974623024
0.0504773825491
0.180541203812
0.0770912951918
-0.0102056392886
-0.0705710415994
-0.176547398625
-0.250057095027
0.00316317567267
-0.00876961841468
0.0968381789758
0.114695939906
0.10681120416
-0.0715699502139
-0.0644309914174
-0.392369958416
-0.00368703208073
-0.0498701059714
0.0904847114618
0.264115478828
0.142643564679
0.100523314475
-0.017037495556
-0.260874118508
0.0215147603495
0.106052080931
0.090193008111
-0.0336947679575
0.233920363553
0.120710270676
0.026616000934
-0.224792124272
-0.232715874965
-0.107255487529
0.142626821507
0.21092923965
0.228506986941
0.202316076529
0.308678976911
-0.092691717692
0.0536452132194
0.146884998854
0.312302105639
0.632240291374
0.693517980895
0.578728662594
0.35182740582
0.018747931923
0.0729332632767
0.21784650954
0.138567926508
0.298381439709
0.464138314898
0.595776461795
0.640367119562
0.0196170471861
-0.0137816935933
0.0915118934861
0.229736734387
0.25487616323
0.293715132561
0.513087552428
0.447732492322
-0.00213047244873
-0.0468067203738
0.0705007506735
0.254062827456
0.16773807502
0.181909205
0.318896246207
0.377154494585
-0.133257898242
-0.0836720945768
0.095526164462
0.117331311833
-0.00278302670988
-0.253772438583
-0.0857077440356
0.115208975932
-0.0526000796653
0.0651259420871
0.0126760337949
-0.121029945712
-0.229951999013
-0.55691387253
-0.363495862568
-0.121479539143
-0.152915854054
0.000258485307371
0.0583531431557
-0.0229337045244
-0.216853236143
-0.428110946736
-0.359265073128
-0.302406844206
-0.0371688116139
0.21417528539
0.253475048224
0.298437926934
0.0996728794794
0.0177204415502
-0.204826150321
-0.213760111218
0.263138187716
0.426789645349
0.288430067737
0.197958575905
0.124417942844
0.0671823070951
-0.0168885879055
-0.195549113134
0.0847790980353
0.28528273706
0.166326407827
0.283382283428
0.22137921304
0.0366651380776
-0.304652517187
-0.394034287081
-0.086175009882
0.165952609352
0.272954836102
0.171919296101
0.204156325739
0.0373282055683
-0.208734663943
-0.343379598793
-0.137970440646
-0.0372559779609
0.0880451674564
0.15167457902
0.0248267738987
-0.158840338672
-0.239644169444
-0.283979944308
-0.416963532039
-0.245041095579
-0.214960640964
0.081246952893
0.145949821834
-0.148852324214
-0.334724758126
-0.276016015873
-0.299063821644
-0.335733434919
-0.260403661142
0.0685616528083
0.0267128033391
-0.187971695606
-0.245868398829
-0.248673586572
-0.283178577376
-0.22886427409
-0.291448098593
-0.0969603784889
-0.107446443118
-0.0641608738376
-0.129662689996
-0.20090859793
-0.339957293361
-0.346784371395
-0.263607378633
-0.281859985982
-0.206957151567
-0.248338982708
-0.155588898762
-0.148338204976
-0.184261219706
-0.0839077478057
0.137954496562
0.241383663896
0.339192953539
0.150528559857
0.125373884827
0.0803685289809
0.0589674323407
0.242044582608
0.27735500555
0.170176687233
0.0957151739741
0.0569999027333
0.112157751807
0.252598253216
0.0851615037394
0.256853967925
0.313895306824
0.214211734527
0.189810281526
0.18218849481
0.109149182297
0.107386729387
0.297562115082
0.210539521181
0.34966415936
0.394752935403
0.199886760418
0.186232980263
0.101836085454
0.0554392362846
0.150071601266
0.217021092243
0.288750233626
0.283774637338
0.398524253569
0.41713785009
0.0826859377207
0.0715280244349
-0.130169277633
0.0950886995118
0.176991744951
0.129227215131
0.261387059432
0.405825142516
0.410172830762
0.120959378448
-0.178342923424
0.0690778647458
-0.102599153523
-0.0200469447256
0.0679987191597
0.198034772995
0.3471902865
0.205323841847
-0.54377014078
-0.296039636358
-0.198134366883
-0.0919613398289
-0.106703235479
-0.010295537388
0.169334495402
0.142891583823
-0.502701560128
-0.494012033733
-0.0466238951642
-0.318756991688
-0.0881382889322
0.20519600617
0.214733043439
0.21793155068
-0.365876106597
-0.43068126644
-0.181636011624
-0.0521059081362
0.0234161261553
0.240892010844
0.22354704604
0.277200365588
-0.0479231336111
-0.257260773465
-0.266085283839
-0.256055230213
-0.059278440651
-0.0231125499774
0.176160303529
0.24701033721
0.0321199495574
-0.0482054134349
-0.257023739203
-0.106938058658
-0.164785358161
0.0418337317459
0.11144275458
0.179165006657
0.0484464071956
0.0392643890912
-0.0250981072225
0.0772374639942
-0.0239321997976
-0.0533155213651
-0.0908777805411
0.159111427704
0.0764784075428
0.0122373461891
-0.0325513449427
0.0368139765383
0.0781125108053
-0.11451194384
0.086645171134
0.122474160607
0.0305548367563
0.150106475797
0.0759138437609
0.127471011951
0.0572932838993
-0.126014023473
-0.029679938111
-0.050342976731
-0.024275965759
0.0789109190673
0.171937617958
0.317700048737
0.167799829724
-0.0708992073683
-0.018749516321
-0.0740964232751
0.119735507318
0.129834744435
-0.0161982708664
0.0420449158758
-0.0993214184494
-0.216254530446
-0.168934232162
0.0213104040973
0.132635003363
0.0498577342779
-0.0479413163025
-0.0592871352526
-0.193263986026
-0.0934737102307
-0.227083332946
-0.112477215044
0.20864636899
0.0640627247357
-0.181169849915
-0.0729117863143
-0.258446360881
-0.166494716467
-0.162501315864
-0.0751842198701
0.242807845589
-0.170450001487
-0.16959580664
-0.181946125874
-0.236787433112
-0.186693898343
-0.264084126594
-0.151948525577
0.174400809919
-0.0803555449304
-0.21229993584
-0.327877346633
-0.371328291465
-0.41118626124
-0.348342450161
-0.28135887333
-0.0630136083983
-0.0526827719548
-0.172433289148
-0.26617033165
-0.330678349128
-0.374442941225
-0.324499234343
-0.355713624928
-0.0913965619763
-0.0880442404469
-0.0867789961847
-0.112095387711
-0.336100703969
-0.339346633864
-0.209637035575
-0.315641306067
0.0597532064052
0.00877143352243
0.0198351540036
0.0172344820424
-0.0214785999904
-0.0566478968706
0.00499401843852
-0.18142681316
-0.0514167829032
0.0370456114969
0.129122050974
0.120730678908
0.00698776090429
-0.014817212295
0.233167873981
0.0155233086568
-0.106135407449
0.103576673114
0.34792852341
0.123708647439
0.0731866173566
0.0398680761977
0.184861798552
0.149115251172
-0.108593013178
0.219883094189
0.390918181638
0.178183457302
0.205715133702
0.199193242736
0.335329667447
0.237143445084
0.00496506173004
0.449498197926
0.39863559449
0.261690457555
0.138679714546
0.112876804735
0.332566674173
0.358612283642
0.140481066701
0.397504581416
0.30604397497
0.184872662143
-0.0123133461744
0.0487475150747
0.33933649672
0.40012711342
0.293219750812
0.377619886912
0.301330590698
0.0491219299373
-0.291806906933
0.0653814789199
0.345139854239
0.384640059891
0.239860963576
0.282534870485
0.252283325767
-0.127318094846
-0.436016614973
0.137945415508
0.312238407759
0.34476661479
0.138122656348
0.262736827671
0.0101722544833
-0.548555473312
-0.606781154973
0.199674602698
0.435607174254
0.456146014857
0.348313347169
0.799353400584
0.919986747757
0.577281768991
0.537962494935
0.60193977503
0.377415860792
0.202922073372
0.0855183714211
-0.0649060538534
0.198126598126
0.163130574285
0.326077457507
0.104069868177
0.0175996533743
-0.144150015511
-0.225543356671
-0.363667713291
-0.344139331907
-0.331435362804
-0.000398469738066
-0.183151258247
-0.227497187723
-0.207417936775
-0.392882180115
-0.554711412816
-0.664063389257
-0.703271422694
-0.557402163276
-0.542557284702
-0.402256045967
-0.244942962787
-0.450370583829
-0.614354995541
-0.612901324877
-0.431389603788
-0.430980870604
-0.358739427283
-0.19130859406
-0.0799341487832
-0.635200011493
-0.725114830109
-0.325657281859
-0.0376861318085
-0.107055095847
-0.270158591994
-0.283297987158
-0.274636742236
-0.284739477305
-0.248782755904
-0.137568441786
-0.0601502030495
-0.0343277400678
-0.117595632151
-0.432517506039
-0.339784358117
-0.16298378377
-0.129574074744
-0.12632677863
0.0827043089605
0.26981941804
-0.136872079947
-0.381594978617
-0.300996954084
-0.243164796503
-0.299380786277
0.00103001726238
0.242593290099
0.160289986264
-0.119530917274
-0.240069309457
-0.0892871619137
-0.242277072751
-0.225156196299
0.0783208265671
0.185507054913
0.330796562121
0.133034307799
-0.148580286578
-0.141088892573
-0.0999884885898
0.0492905685637
0.205237587904
0.362870663038
0.360751591686
0.0546308266333
-0.26393360421
-0.219760732162
-0.00180481116918
0.158831839253
0.192834676409
0.442387508125
0.38660568845
0.248961157126
-0.133339027317
-0.140235751084
0.0123372771971
0.150259240961
0.357040317096
0.521772462306
0.451171567842
0.297547985158
0.20663567277
-0.060522625244
0.0103886842131
0.201721162358
0.333956011431
0.407482480658
0.465100171513
0.305152435437
0.0411819055344
0.0731721392886
0.0527056617332
0.0450690799883
0.202459900487
0.387041646896
0.501359948115
0.355288237343
0.208551390559
0.218089402184
0.214365224706
0.0190218244541
0.217874919759
0.1357039244
0.467135708105
0.297576585384
0.208507137578
0.247991463957
-0.0111833391748
-0.0024102321382
0.0468260609415
0.0885385548464
-0.0337873822069
-0.0273166279283
-0.0254913460038
0.0313808528761
-0.0640088934826
-0.131651985427
-0.161535638431
-0.191985248751
-0.166534143603
-0.106420101654
-0.0743423136389
-0.0585264239083
-0.153910127317
-0.210880476361
-0.178939196796
-0.193000715997
-0.167655512512
-0.206891693637
-0.126062487833
-0.0829620108853
-0.143681215914
-0.166173991607
-0.16778022157
-0.102535103641
-0.118479715532
-0.0210417159076
0.00899344419277
-0.0940276033181
-0.171134438412
-0.157899671505
-0.156698495884
-0.0216199857942
0.017160512654
0.0614765631116
-0.0525132013386
-0.151048734521
-0.191995471581
-0.190318932518
-0.148853226656
-0.0496334195615
0.0567273939797
0.0265273249244
-0.0447165384552
-0.0560002555978
-0.246580782562
-0.233865882436
-0.198563094963
-0.0172526672268
0.0646501558439
0.0914801203416
0.00276821864578
-0.0222047292487
-0.262248627966
-0.227964818885
-0.242014741438
-0.121102249304
0.0487035337258
0.0979366159435
0.0449644238816
-0.0296296744529
-0.250119940479
-0.251394038255
-0.283733253565
-0.183583016772
0.0305493415544
0.137269097249
0.129363874266
-0.00842627538039
-0.261399970235
-0.223651911443
-0.254420946058
-0.171819681785
-0.0543828880578
0.138496294533
0.164154528851
0.0610206604298
-0.120865571566
-0.145294641824
-0.19614628702
-0.214304029399
-0.11423872448
0.117152446058
0.0789092082859
0.0933158116234
-0.0239321313469
-0.102990558249
-0.182630528971
-0.187180137273
-0.112636354665
0.177311641053
0.170329796182
0.18238650841
-0.0124146652245
0.00837023026469
-0.014931435027
-0.151596690294
-0.0263470618311
0.159958414646
0.189583956587
0.169736736301
0.0477649972499
0.111920888602
0.0957651919731
-0.0360306662536
-0.0556147838755
0.0581286594086
0.182902916298
0.179511169694
0.014249855736
0.127346619216
0.277615750135
0.292015334063
0.294499710012
0.20394680916
0.325735001179
0.152194969007
-0.0151401836501
0.0658322171858
0.367421064874
0.588126078054
0.617373026908
0.396678196585
0.245101628674
-0.0199869080229
0.104548910044
0.0560938012047
0.050329742609
-0.0687432537375
-0.224997839496
-0.388223363152
-0.329146592648
-0.309783336033
0.0805075064297
0.0120527032792
-0.0712351780003
-0.107187012375
-0.208086083403
-0.342913791384
-0.237995514377
-0.214314982358
0.277384448355
-0.0110060423209
-0.133639312282
-0.196742816041
-0.334909213993
-0.296023112916
-0.139961759907
-0.275896120565
0.217948958496
-0.0177684464809
-0.170245227208
-0.256206911744
-0.237235978636
-0.0812937399977
-0.223486327903
-0.403159964323
0.255660855821
-0.0478832407697
-0.315072367573
-0.234090369118
-0.0884701683249
-0.140182214813
-0.304660068736
-0.46833804533
0.0480031087449
-0.054890081497
-0.0827584005853
-0.11323257564
-0.173162540086
-0.117385071975
-0.0726025977109
-0.167872074627
0.0153972686016
0.0804553897102
0.148264607483
0.102962435549
0.0251893305447
0.0498835773611
-0.0137626650893
-0.190310823681
-0.0239948443175
0.194605495962
0.238504037219
-0.0152852153003
-0.167898049182
-0.0867187482587
-0.0260445458641
-0.169912638577
-0.0678696032657
0.339063653512
0.421388969872
0.0204314105106
0.0117760433915
-0.0420562794316
-0.156104883892
-0.40676362364
0.101416142799
0.433398241436
0.347266966057
0.174483956718
0.0381775173595
-0.0996028179761
-0.213523089403
-0.469618378395
0.171182243073
0.334529812055
0.329816224408
0.275424684229
0.176745549269
0.0307097723255
-0.239863162392
-0.410248256573
0.0595478125611
0.386190121884
0.368745218377
0.301783305214
0.241161211919
0.0878464575275
-0.0754275984945
-0.297442555612
0.345587998141
0.235723015172
0.204293388722
0.181265087509
0.158920690896
0.0926483956741
0.0703429009059
0.0962104925382
0.324503567529
0.317374097075
0.107834382533
0.0128437006981
0.227252264615
0.22131383334
0.0908418496705
0.199571453851
0.46901193953
0.129017852936
0.00347112515115
0.00530579312467
0.0364375449217
0.131351952136
0.188178183803
0.246141237408
0.278706724755
0.343435507831
-0.0566001191596
-0.237708588476
-0.306168664562
-0.0442562116507
0.0235153553979
0.136609509473
0.302210767645
0.229523041429
0.385780095577
0.0454662031741
-0.0724437438509
-0.0243688927984
-0.2042222871
-0.0755658416293
0.0536019827701
0.0561916119523
0.0742376810823
0.189717207312
0.211328353847
0.05844039389
-0.0379156011338
-0.0811338483689
0.0112107987937
-0.0123316552978
0.184084937446
0.226122762312
0.266245415119
-0.0573206200971
-0.10042121205
-0.149804093405
-0.0518686531574
-0.0859556698155
0.172316841272
0.38221239768
0.241699084288
-0.0973120193481
-0.112088927207
-0.227828836317
-0.0773085618531
-0.0898137970994
0.0317083245223
0.167643857407
0.144267210258
-0.0863330642063
-0.105298953631
-0.422069389449
-0.0758514267987
-0.112287422524
0.0112605000812
0.307833419239
0.315665257033
-0.145869458139
-0.282698738356
-0.472020544346
-0.347142482363
-0.213621459778
-0.0397004291459
0.164419730119
0.327752060658
-0.282990559863
-0.437943765845
-0.42979782792
-0.227646854229
-0.072134613929
-0.147319968013
0.203126662626
0.302212452173
-0.515248124694
-0.470757533331
-0.343235117608
-0.105844430194
-0.195113684878
-0.189485377372
0.320928700546
0.153440180964
-0.527347182256
-0.485561864054
-0.346149267362
-0.0161594775189
-0.330333879176
-0.173208926553
0.205310735349
0.124097788865
-0.3713954162
-0.429974128638
-0.176022682552
-0.0327619429616
-0.386744030066
-0.210456396095
0.215067484637
0.115388721315
-0.341578472399
-0.379668013272
-0.17498813556
0.210256095363
0.00507100689205
0.0920327279351
0.304969482627
0.116882104203
-0.13932024413
-0.300203926443
-0.102818464013
0.2224509616
0.145218418602
0.170482806039
0.359562399281
0.289648274671
0.0344606968936
-0.187470563386
-0.305414745097
0.229634929047
-0.00809190958677
0.00956553630463
0.226739688781
0.260564399417
-0.0134285707984
-0.201193786984
-0.212107328437
0.259617034755
0.00118249941286
0.308383622199
0.213730636071
0.297467656609
0.247537120072
-0.0316267472919
-0.0547927396127
0.172254216911
0.25074235573
0.292650591638
0.109724733515
0.481600561214
0.472526586284
0.266085501906
0.0473273623866
-0.0658679966564
-0.0923936787046
-0.102377022275
-0.131175850621
-0.173154091526
-0.150743701568
-0.135194679515
-0.0920212936026
-0.0911555275438
-0.120876701615
-0.120585487608
-0.133869525317
-0.174555221339
-0.195203910856
-0.179826144234
-0.134447992157
-0.146863442645
-0.0329181003316
-0.0832255396129
-0.179818696938
-0.171557355844
-0.210467153116
-0.147826189066
-0.0604299313919
-0.045268214008
-0.101021383834
-0.0928223501343
-0.171799084309
-0.18661176631
-0.147552767234
0.0673169341243
-0.0091935110649
0.074694286781
0.125715903587
0.150245761463
-0.182510181786
-0.124534681893
0.0108289701149
0.129156059028
0.0123149689148
0.152681248621
0.200988435862
0.187501824271
-0.00940334773979
0.0777553376214
0.0960576347546
0.372760700286
0.100716716343
0.428631175224
0.24152333265
0.344672016922
0.176007516478
0.2378091457
0.424698278127
0.376275171778
0.28157155228
0.162185906492
0.247454505137
0.362185796693
0.322076486724
0.410705526218
0.338789159791
0.462558095053
0.522010792308
0.149984197731
0.231734587946
-0.087868131815
0.372576223071
0.461408010295
0.0700047851511
0.181744429688
0.475316667361
0.28632798592
-0.178649120529
-0.579921437058
0.00933163049873
0.156534248906
-0.423249221532
-0.380408176429
0.267504643626
0.222426593514
-0.42527812306
-0.672932613431
-0.212263240203
-0.21228941067
-0.530153114005
-0.342059356446
0.0445500128995
0.227105078956
-0.4571919649
-0.591089002223
-0.3709997086
-0.353749329529
-0.402080451283
-0.35651456729
0.0272856028774
-0.00307691612229
-0.309737234812
-0.436023032737
-0.378516084489
-0.316344635301
-0.238890529409
-0.238725510323
-0.134131474509
-0.10182578174
-0.234355341648
-0.304176410685
-0.27291058224
-0.242125427734
-0.169184911972
-0.167163805898
-0.106119996081
-0.118745394536
-0.172784198529
-0.185792143064
-0.196038798284
-0.162847832095
-0.173803727374
-0.120861593551
-0.147942054192
-0.0622862105691
-0.110584189701
-0.139600310817
-0.155703157831
-0.167623817303
-0.114415890986
-0.0998296835725
-0.0820934205387
0.00597030741381
-0.0503460074954
-0.0835160284245
-0.0738036905491
-0.135122310218
-0.123618801215
-0.279005805789
-0.151465867537
-0.0449504302379
0.0283713890582
-0.0747720731463
-0.0890135274823
0.0212501212494
-0.077769130823
-0.115233600629
-0.0147176630982
0.118751465272
-0.0471736038438
0.113462913581
-0.0432873493396
0.082699088609
-0.00497718058879
-0.201595898662
-0.0610735943092
-0.014170368152
0.11230778376
0.0923843344952
0.0379223466594
0.00813552732822
0.0574834313894
-0.134575841415
0.185306138146
0.151957117417
0.0427522573276
0.0327305302919
0.100842994181
0.137938648662
0.0744199929729
-0.0169309104131
0.147995221936
0.373269753626
0.105273501687
0.0594796199783
0.012211981592
0.0582895453111
0.222456311694
0.0565064964377
0.206443529477
0.422809084905
0.187396823786
0.167672673037
-0.0787407602072
-0.074579655809
0.0988912835024
0.149354062694
0.333571908525
0.33325852421
0.515684853047
0.172258943963
-0.0222935049237
-0.566416902375
-0.117052836863
0.43707605762
0.610670278442
0.240134727358
0.611731439153
0.301730052015
-0.104288704022
-0.614183662722
-0.113861183956
0.497957403803
0.362401985925
0.23372109415
0.3129221785
0.115924295663
-0.127368671244
-0.69572188881
0.0726504877664
0.342684234415
0.458587727045
0.27158804136
0.131228926212
-0.0845116345203
-0.485151268318
-0.734105181347
-0.0486248791774
0.101071449759
0.567344539773
0.289257547255
-0.093063969562
-0.263350613587
-0.835155341728
-0.814299588571
-0.158860112956
0.0100273087099
0.39195295153
0.188166420331
-0.184694277153
-0.286018982093
-0.744579393088
-0.569393812523
-0.333962879436
0.0205724102724
0.209359647631
0.134991019691
-0.194787610043
-0.419550282459
-0.835887522334
-0.511120606682
-0.311928804889
-0.106011716408
0.216311613364
-0.0361155688924
-0.18335701107
-0.428723990633
-0.688796082816
-0.602929179504
-0.341096414581
-0.0733155430956
0.0157498467359
0.0285084377261
-0.143678752705
-0.389902091236
-0.56531492558
-0.521899547804
-0.36447019418
-0.0930191330763
2.51194967519e-05
-0.0360706976918
0.0228718914134
-0.0749855657923
0.107536622637
0.0755296353392
-0.0658070218245
-0.0812950484849
-0.174292896993
-0.185868872537
0.0229160732876
0.176202452846
0.159782335828
0.102288886029
-0.0501424583392
-0.0485172874019
-0.246908738561
-0.0738755100777
0.0336729422578
0.117603965161
0.239861606474
0.109897217613
0.106800928313
-0.0832556462968
-0.254531232012
-0.0224207887288
0.212422298078
0.126661488537
0.269943673601
0.188136052231
0.0637209213977
0.0512423512629
-0.255110456841
-0.0784459769323
0.117962373814
0.260745897401
0.210332078911
0.214275552445
0.160222635127
0.0227739886804
-0.00890110505293
-0.148755839834
0.00659166612355
0.144753623756
0.267203317146
0.255677900528
0.290834471733
0.110539210321
0.310130360926
-0.0584449427583
0.0963782454516
0.0333013262467
-0.0883042474636
-0.224362877548
-0.00114143801741
0.222993794866
0.576559459191
0.329774036082
-0.0567905361259
-0.282128676347
-0.532147895242
-0.575099799008
-0.218958666832
0.106011631554
0.903350159776
0.418840780387
-0.158735819036
-0.375552893826
-0.75133834724
-0.609521226676
-0.544133260132
0.0537719478941
1.01535350977
0.433549986731
-0.0649170643269
-0.366363977659
-0.466393498246
-0.402533273986
-0.0590905262889
0.109096660448
0.407343394739
0.299128411011
0.132640364089
-0.0206868700817
0.000812969147854
-0.0526848249366
0.0638980890363
0.0203849894331
0.0590010887105
0.113336772729
-0.0295873653397
0.0495734233602
0.0639196898701
-0.0208508629598
0.134821733186
0.100757291427
-0.250222074087
0.0932360913144
-0.0217261404501
0.0493429856867
0.141139342683
0.0586737336238
0.0862028575322
0.0392138282448
-0.305054434621
-0.122594615809
0.0980274368528
0.0572649501313
0.155985921306
0.154226649938
0.0896965418803
0.00170237910089
-0.347368538902
0.0367258545341
0.133136434409
0.134536213037
0.078436423257
0.118905329106
0.16135440492
-0.00643054602025
-0.211606055552
-0.00855400023276
0.238541172591
0.21810618941
0.207539579147
0.22370945843
0.0240636407822
-0.0582666305883
-0.183733118156
0.0622831462539
0.274201284519
0.524515350884
0.653129163358
0.734501989945
0.673531835147
0.245928883495
-0.122305548747
0.165102331864
0.249500805878
0.367591645135
0.300726957238
0.272309968192
0.360265581536
0.32597209177
0.118192745131
0.333004439256
0.249569829755
0.313648801079
0.265749247787
0.146264490947
0.392684648522
0.378590253452
0.211714020301
0.308039058199
0.386015234085
0.352179489466
0.266544054488
0.089306523343
0.146402567253
0.349969278996
0.43503730317
0.113321656712
0.106900686123
0.297034700501
0.0824477715533
-0.0889230678336
0.227427515335
0.320007610727
0.454357613095
-0.0186085230641
0.170302157467
0.229639564375
0.116691207503
0.0414003473864
0.208673596101
0.28899249048
0.495583597862
-0.12089864702
0.0683052028174
0.231159370771
0.240631748989
0.0301868635137
0.201484583116
0.166691282999
0.288303634151
-0.116757769724
0.162985975346
0.341787629269
0.099915420473
0.0306459491775
0.0604750134551
0.0506352453374
-0.0118721476675
-0.0890359269968
0.114882575584
0.119516436234
0.042874208452
-0.0576351204859
-0.15892509247
-0.230367827615
-0.264883098574
-0.205409447941
0.15395899214
-0.0263887630939
-0.0188885818938
-0.15215279182
-0.252735310661
-0.410567872937
-0.452752985501
-0.163805544407
-0.00876118175566
-0.0451483391916
-0.0663614605244
-0.227248044481
-0.356770746671
-0.5039124602
-0.481975804358
-0.156526428101
-0.0850277071995
-0.0697102255831
-0.183825400011
-0.213344563377
-0.379987111194
-0.443902767841
-0.445196038092
-0.112759558864
-0.0652525652969
-0.157017951737
-0.140468142608
-0.12782941868
-0.347714751545
-0.34526076245
-0.408063865144
-0.138678155187
-0.160356371586
-0.0944022151375
-0.148626176843
-0.214934639162
-0.417756878007
-0.327282896561
-0.318186191764
0.0207151086889
-0.205213427637
-0.106035693928
-0.142442120471
-0.213112591859
-0.186407957565
-0.342816363134
-0.219706171252
-0.0085472977825
-0.229024427706
-0.164405389977
-0.278944078787
-0.331209662372
-0.355971894017
-0.463686561666
-0.220611039887
-0.0226314615103
-0.012127582135
0.286870063301
0.280658025424
0.260765170427
0.216541455241
0.145926680858
0.0166844329677
0.0830493598265
0.196707439942
0.331861934938
0.227406718505
0.24425905054
0.168932768304
0.259984416032
0.0249350085142
0.219506176614
0.342148114245
0.24713384778
0.239741801976
0.212005472256
0.139525333056
0.207553691149
-0.043959051558
0.270942734583
0.32592903738
0.258428646639
0.214324857425
0.22029922299
0.190740976323
0.0417505527842
-0.100757593567
0.152518925402
0.301165380316
0.174713376416
0.152461325511
0.252333573491
0.059638616086
-0.0623377063029
-0.187518281723
0.123163394062
0.215865444979
0.0554011459662
0.259612670669
0.172964986505
0.020192388756
-0.0710354174507
-0.0911600215038
-0.0666439009614
0.00106327299514
-0.012099806732
0.158398304506
0.148562318049
-0.0547860025059
-0.0994242085505
-0.0208923291259
-0.284027960768
-0.116714984796
-0.0584961237355
-0.0111572355968
0.0940160128683
-0.124329414204
-0.049172240021
0.0955695425048
-0.32503031032
-0.164132029619
-0.188097985713
-0.0582569243495
-0.12010525755
0.0475758868914
0.0929532104831
0.074598346808
-0.301977263771
-0.242204705173
-0.153432683205
0.0265393834705
-0.0483390157913
0.0585898183764
0.117637496244
-0.0697927253986
-0.242623274651
-0.255456558142
-0.194087004546
-0.0713046622525
-0.0129563871627
0.0780221040142
0.0793291202315
-0.146832018651
-0.205026488541
-0.165342238677
-0.0753241443433
-0.086876023809
-0.00545198658213
0.0266736075743
0.0271110936936
-0.0685229399954
-0.137114131855
-0.193051578261
-0.0662395091146
-0.0180965915232
-0.0212369805882
-0.0516477890656
-0.209419167212
0.119540776471
-0.156566183112
-0.153852284175
-0.122949639475
-0.0341226290254
-0.0603481554327
0.0213814655865
-0.0412445299569
0.125064184401
-0.0989920869772
-0.120622577182
-0.0888115134733
-0.0130719334024
0.0615734100003
-0.167736421748
-0.0655458481774
0.140936264106
-0.072313516005
-0.0800163038836
-0.0835332971437
-0.11022701762
-0.0898430629739
-0.088867029812
-0.0226088311201
0.0167362073788
0.125952965363
0.0189204337867
-0.00911672829093
0.128167716425
0.257729138517
0.16405081327
0.273082864699
0.291096733125
0.0625766985333
-0.021799919623
-0.178748766964
0.0247240318962
0.167941270409
0.174738964169
0.0690589853071
-0.0522639847792
0.227161681267
0.231072425184
-0.0196598230655
0.0182308235913
0.168957348868
0.17050711971
0.122594026208
-0.0655378826663
0.0413026907236
0.169100336924
0.29657709537
0.126657640794
0.272494369291
0.209225913947
0.0194626378514
0.0166078384224
0.33441877175
0.126599167135
0.116097135901
0.227574034596
0.32163048028
0.264035439605
0.153616165002
0.239430672033
0.429258039045
0.287817588838
0.21352228347
0.0526362814161
0.0354839756719
0.121888449658
0.0969354479037
0.149270729806
0.653671987711
0.410722601026
0.157877310696
-0.0940784800585
-0.192016880513
-0.304184662109
-0.454221912436
-0.0114741035319
0.538381700023
0.638411439696
0.198450902474
-0.0866063054971
-0.322633916493
-0.443496573413
-0.682309756908
-0.635556166458
0.399794668214
0.646487539931
0.398091098864
-0.057188240632
-0.17827967474
-0.507289182561
-0.672079128848
-0.738916076969
0.262408967064
0.473534764954
0.395971028431
0.0426722961234
-0.126255185137
-0.414690063232
-0.587579605201
-0.778421480318
0.372370570435
0.176920651725
0.221850788291
0.0413786928603
-0.0631334560457
-0.385379167779
-0.672528474202
-0.936175541669
0.193192903775
0.117941779471
-0.0509876343668
-0.0799510826907
-0.147409229171
-0.526867562505
-0.610588897529
-0.83846602605
0.0174910707622
-0.17687083391
-0.152011596397
-0.1293051752
-0.120038607143
-0.462583052367
-0.565197006696
-0.570197244006
-0.0753713950347
-0.174976599818
-0.106842322197
-0.132342145415
-0.163631100789
-0.330223883898
-0.53760684959
-0.526125967121
-0.177748453811
-0.142478982412
-0.183588805196
-0.203292992235
-0.100942676027
-0.187946619768
-0.371541234472
-0.376241607585
-0.0859021390795
-0.156841776067
-0.295920248765
-0.22686364438
-0.289730827777
-0.182609861252
-0.288374728738
-0.340807183118
-0.194936611825
-0.1480098609
-0.107465478868
0.15641452457
0.19377801624
0.165707380998
0.174516391927
0.176599708543
-0.085291859933
-0.0174460659809
0.00147783542152
0.110733668783
0.0413730503859
0.0232612673274
0.115922244255
0.229028827689
-0.136945397552
-0.00123083999048
0.109070693324
0.159476017577
0.0908627848345
0.0974335921295
0.047133286733
0.165347388391
0.0903732292751
0.127799865502
0.16860629974
0.070677828584
0.150895194658
0.0473492356792
0.0971743411763
0.191935351093
0.136360315003
0.249489278931
0.283027463851
0.183550119825
0.0199325192894
-0.0723617044337
-0.0305825370109
0.0726556075644
0.215922537765
0.388621329138
0.225463358121
-0.0569677235398
-0.212496921859
-0.310800707148
-0.542765764241
-0.524241011633
0.294197130825
0.217519183103
0.229960438853
-0.0627862995653
-0.154884273989
-0.244252122997
-0.424237253085
-0.731350844609
-0.0328112373917
-0.0423870667126
0.225034622014
0.158338824495
-0.0763928262908
0.0352197531322
-0.105773002312
-0.21428501293
-0.674043855092
-0.282089330922
-0.0281093798677
-0.027255615969
0.165527165991
0.234296805827
0.349562948246
0.478526609564
-0.900429468532
-0.609773412234
-0.488948620232
-0.281682942772
-0.0619199165302
0.186570751524
0.447349073938
0.707397150708
-0.767815297339
-0.536348345614
-0.491007933503
-0.422269765685
0.0403587548781
0.492260745877
0.541050276118
0.68420476874
-0.00375381212344
-0.146183302408
-0.117411930154
-0.00815757336045
0.228052673911
0.209095400506
0.315340510891
0.635722294852
0.129992690948
0.121190637572
0.0514233244209
0.0755355906157
0.0996996041671
0.130736948059
0.204772840718
0.158623010377
0.135502994861
0.163123446677
0.137720085128
0.167962326299
-0.0923670094702
0.0829506991277
-0.0126263490774
-0.0245483816807
0.105779639019
0.10473143519
0.114384820376
0.0680605280234
0.0718677529579
-0.0471546520949
-0.0183340818629
-0.00443662226723
0.379568775369
0.193302332787
0.219416935927
0.141546094648
-0.0253976602415
-0.192874417322
-0.172177311569
-0.169767815502
0.0548968935316
-0.137498221626
-0.278393535422
-0.302721387062
-0.273147718228
0.0714732749458
-0.00864825530407
0.231851215808
-0.0139431735251
-0.14858436073
-0.0169544161917
0.0921161969304
0.153148385087
0.0458229457864
0.0742335770851
0.00258129195026
-0.121590456032
-0.21357618976
0.0835915642062
0.227274109825
0.211283637276
0.126563299692
0.102366877324
-0.143415788985
-0.234470787824
-0.116652448459
0.0421367921935
0.169759041722
0.268362426243
0.159733408362
0.0512766606668
-0.293083852094
-0.141111320374
0.0164060169889
0.309950532336
0.397594261029
0.0275479004175
0.247283505333
0.232291605363
-0.206572253739
-0.0594352147268
-0.092828691279
0.159526839995
0.302915086093
0.397479882875
0.165269260517
0.219717093968
-0.0704546528483
-0.0867805786287
0.129272785577
0.12774291942
0.219282519194
0.186739836095
0.225492488081
0.314514713412
0.189292505771
0.0112441724921
-0.087814630191
0.116368420514
0.243195050222
0.168846346328
0.274875128423
0.142418835668
0.189093391824
-0.0660321893059
0.165213939437
0.184924109519
0.183317259265
0.167553398051
0.295800153497
0.191285909124
0.0299154790217
-0.282469127107
0.00425835343516
0.282235606099
0.0730171220956
0.241019083717
0.11385953144
-0.0763177609474
-0.343065995162
-0.507380714271
-0.260254324218
-0.165144151994
0.0318735552062
0.0305277024448
-0.0429107070281
-0.24520428172
-0.677424830723
-0.571405357498
-0.350311008606
-0.141799225143
0.125558073379
0.0631354673072
-0.069212591873
-0.220581100145
-0.294200499329
-0.450298282077
-0.320197150005
-0.104869267123
0.06861428622
0.124372840694
0.0843225884756
-0.109183804778
-0.0137830111922
-0.421805796795
-0.365510975174
-0.0360291731447
0.200993742591
0.229381410014
0.127605750254
0.0248616641972
0.142085813023
-0.2423060584
-0.279964063335
-0.201629871155
0.17364455309
0.27987712643
0.123687499868
0.166731288588
0.343453162182
-0.101175171082
-0.406585687387
-0.371312078767
0.0655855531308
-0.0698169928483
0.280174056747
0.307768431184
0.337357815351
-0.0987267655526
-0.160626874644
-0.292708329941
-0.359755056523
-0.360141175298
-0.188915481317
-0.00712523723596
-0.0370038103754
-0.17546831778
-0.163749032025
-0.358665991189
-0.37865811783
-0.384267249031
-0.21114200338
-0.0383238304974
-0.0963378534937
-0.0964859805716
-0.128521921761
-0.394637401404
-0.462812181421
-0.434449510245
-0.229147705272
-0.10090996652
0.0945905406381
-0.0737264385925
-0.225027772465
-0.439797016629
-0.571605963276
-0.343670156961
-0.254135709713
-0.164784912898
0.233571523921
0.180015213706
-0.256198953671
-0.519636836436
-0.680656660588
-0.300489336278
-0.0922158415916
-0.117057148431
0.230764686359
0.36091341726
-0.259583998771
-0.496495882763
-0.608358448599
-0.280833397911
-0.0137994706318
0.00269516546367
0.50423977361
0.479226269745
-0.0745397727811
-0.587886488975
-0.498659642784
0.0945881033692
0.164195231062
0.235184517218
0.384352819939
0.452292268495
0.00630808477739
-0.515578000009
-0.426722586714
0.115297213936
0.274175558432
0.224920032307
0.237252077991
0.656406498774
0.0752607126622
-0.575678515935
-0.271124605547
0.179917839915
0.477128926469
0.298343281815
0.259272447886
0.511382605842
0.0596720829032
-0.111185289744
-0.219838031637
0.0827711607195
0.467733725685
0.587085566826
0.287968026489
0.133329042148
0.108670680352
0.204518384645
0.0406625812867
-0.0565105502126
0.207641156556
0.47880889591
0.352135316716
0.0209698893326
-0.110985147556
0.128133724958
-0.0269855556749
0.114820052176
0.174374666912
0.345917345054
0.205508361872
-0.073853416716
0.0710722586417
0.180560356131
-0.0769996609049
0.00827015582909
0.218306171651
0.266670612811
0.12725003509
-0.0809326353355
0.069392485609
0.0132371999304
0.100195578326
-0.0179276393952
0.0677599190844
0.218834698803
-0.119023081268
-0.226564839143
-0.0234756756834
-0.0747538926406
-0.0256219898393
0.0204751421588
-0.00654733519558
-0.00608233891371
-0.213598085292
-0.103225296701
-0.0983134323336
-0.00982438806029
0.134296839279
0.148815786417
0.0477903939361
-0.180003054451
-0.160068177542
-0.060651740653
-0.112861992532
-0.23458410085
-0.254431261965
-0.272903135209
-0.178628218778
0.0138888441037
0.208222914955
0.103876831526
-0.143831423461
-0.253320464485
-0.234293838833
-0.29395304445
-0.156048371614
-0.0503549193775
0.357942064659
0.0258578951027
-0.0683174668283
-0.222129659346
-0.32864213883
-0.325871842522
-0.240723203694
0.140589466045
0.546681182447
-0.0056553364293
-0.128649200341
-0.253161431433
-0.364003787118
-0.308782244652
-0.153433114388
0.255513182038
0.500909952264
0.264962837115
-0.024826480359
-0.260878493382
-0.458048887919
-0.356653800302
-0.193477062542
0.212660557576
0.516728076487
0.511054357868
-0.0708998762906
-0.28537632612
-0.352326789584
-0.325307873353
-0.0473837126114
0.253021629478
0.408581608316
0.486946900991
0.127388616943
-0.204835401689
-0.353528041235
-0.365273013277
-0.0363501304095
0.29006264403
0.170992192347
0.226453175195
0.0573152456333
-0.0145027344293
-0.352639850723
-0.315971327313
0.0830634871435
0.16370959138
0.104346248042
0.0302228308544
-0.074085931044
0.0615661661042
-0.129288857317
-0.194837199883
-0.0562550255645
0.0413268473326
0.023142978461
-0.116451628559
0.0487469960935
0.00640890559743
0.12603855859
0.0435232458972
-0.0347032147883
0.0763006949572
-0.115809412981
-0.257336386372
-0.0471351705957
0.135070513337
0.318362017878
0.104536584921
0.0843815589068
0.0793292251499
-0.178918143974
-0.328309095903
0.0209011558453
0.186358369718
0.289777608968
0.264437690935
0.161838561504
-0.0457388577686
-0.207808079529
-0.286702618082
-0.0936399346698
0.105839525941
0.120702897227
0.118168236774
0.131247936
0.0515689822593
-0.224412903275
-0.086477550101
-0.0854106396984
0.0543842584058
0.110072252392
0.141567067247
0.136100724334
0.0961884400258
-0.19194560228
-0.150408228235
-0.0793865284784
-0.0161224564449
0.0776810576824
0.139808630783
0.0534692242554
0.0305757726391
-0.0722850250834
-0.177553724092
-0.13112401674
-0.152562851939
-0.0498522298051
0.10340631822
0.00324640357873
-0.0511955480227
-0.130790375582
-0.0426087409865
-0.0642522085073
-0.0924552985754
-0.117882715873
-0.124940958828
-0.119285834241
-0.0944171249409
-0.0779112970035
-0.0544561289205
-0.0830700017623
-0.0996823646766
-0.111065848986
-0.109151704362
-0.109944309877
-0.112962161549
-0.116630750075
-0.128822037573
-0.126751703711
-0.133201916885
-0.15120235189
-0.157079514659
-0.123418113817
-0.152761766149
-0.148904910109
-0.117000670011
-0.207285203475
-0.171295993143
-0.200577370829
-0.207647863414
-0.22916088225
-0.150437923109
-0.0403668254956
-0.0989685604384
-0.360035011265
-0.284680915132
-0.290892196722
-0.408215919223
-0.341921285689
-0.225487684463
0.205496219465
0.0108693269363
-0.426068065703
-0.435823052332
-0.368359644534
-0.345079201657
-0.427997009807
-0.189437324116
0.542587913199
0.219704623439
-0.494805353828
-0.327933793769
-0.0878471654547
-0.191590010534
-0.397580899171
-0.0441631894403
0.867148265812
0.310276843621
-0.290794674633
-0.0622980402309
0.271384091409
0.0940768461748
-0.278570437505
-0.0670925362445
0.673767012067
0.198304281351
-0.0477098662899
0.246429788691
0.397136700261
0.253111150415
0.069360054069
0.0266063924775
0.333311582406
0.181652652762
0.0774857349861
0.345713901045
0.440274962859
0.24172718843
0.243136124369
0.0637129816092
0.0803748651475
-0.0161064923338
0.175597177374
0.186329564439
0.166794728155
0.0237518576292
0.204180250638
0.130076280401
-0.0709651833535
-0.0463070252725
0.127369007842
-0.0621565544414
-0.120358841679
-0.157785741377
0.0673535847772
0.119497395922
-0.0588046880651
-0.170807468193
-0.00631036585076
-0.0933568304375
-0.133932066807
-0.100339697936
-0.10390591475
-0.123108003756
-0.207417280157
-0.152503827208
-0.0805796597191
-0.161564328236
-0.189183018666
-0.181846810488
-0.169010544682
-0.156281008004
-0.175659751679
-0.0640523371972
-0.103703188004
-0.142727749755
-0.147250022072
-0.143155611324
-0.128886869089
-0.113024064519
-0.0846139682424
-0.0610609882875
-0.0858492726903
-0.109270859259
-0.121180641384
-0.124162448403
-0.107751512077
-0.0783734259143
-0.0457051309578
-0.0398833392278
-0.0893669271942
-0.144561126779
-0.164831822316
-0.160465365314
-0.144907832135
-0.0669124576247
-0.0362854726811
0.0662097765967
-0.127308898876
-0.1530451035
-0.109698794598
-0.0930272819138
-0.0535205532325
-0.0433922805392
-0.0820457926985
0.130032204026
-0.0486143097867
-0.11064676758
-0.129678471085
-0.108041966691
0.03731082821
0.0283771184079
0.0550826698126
0.220264762803
0.164683347232
-0.0376098470596
-0.0968974303555
-0.150540457178
0.11461322638
0.204880138961
0.0159227699672
0.204047461597
0.195113147081
0.00624886914356
-0.0823636793707
-0.00536029607244
0.192860763119
0.332734171139
-0.0519140198106
0.0700164260064
0.248441638708
0.0890172647753
-0.0333298728344
0.115742107909
0.0843052140523
0.0475939039656
-0.282473650141
-0.258211545827
0.183655058783
0.288928320394
0.306937048314
0.161586927881
0.0828209706248
-0.170637544764
-0.370819398868
-0.683906276455
-0.158434684203
0.417164337557
0.353492842788
0.189230768044
0.0633229573481
-0.248819876811
-0.242105470055
-0.69749720772
-0.173962253224
0.218927227431
0.391539327831
0.256539847644
0.144949502162
-0.0951671248688
-0.268276683491
-0.387976521775
0.00163941593606
0.106656220579
0.185820684455
0.256742189879
0.249279578096
0.0878412245638
-0.138052107925
0.108964945372
0.0935344104723
-0.0802952843435
-0.163216604237
-0.0930085845673
0.0405037016991
0.132923961548
0.154337363236
0.214267862858
0.0101905849944
-0.188373730534
-0.322621799446
-0.178833125506
-0.0264622433653
0.0375624032478
0.0375526685426
0.258785567389
-0.0303388124405
-0.217024870153
-0.208075376013
-0.302478006894
-0.128718546244
-0.0142435031469
0.0264901857519
0.111835466577
-0.0668791799843
-0.190740930927
-0.153450900106
-0.243900219542
-0.151094623748
-0.0213025231181
0.0677985590819
-0.0882146454548
-0.102788101495
-0.164253846702
-0.121193929094
-0.178335261373
-0.177748978829
-0.119139424621
0.0596774635997
-0.0596476498388
-0.0891952843731
-0.156297450072
-0.133854846355
-0.200154356296
-0.21223163257
-0.130220644943
-0.0837531910106
0.389116886072
0.209852385351
-0.0191460717038
-0.319461264964
-0.362903593114
-0.136152112647
0.191478202418
0.139759477862
0.450914257017
0.444660268198
0.297298237888
-0.0517113541221
-0.00499607431295
0.120732295314
0.153062211304
0.285932341584
0.348047129375
0.337003916994
0.343100877699
0.108934489148
-0.00186900320508
0.210054724946
0.191792260827
0.301567974099
0.382380240917
0.217060376724
0.230316917489
0.465492729092
0.27872263703
0.353645912989
0.228973521492
0.310131834233
0.185991942442
0.134824764671
0.228726975752
0.263498852131
0.344997997366
0.490012823432
0.374911827233
0.0963722826253
0.0262805322607
0.0785851164127
0.284030801382
0.198686038774
0.317170054144
0.482563247063
0.388200889003
0.128253548707
-0.344488521728
-0.183522355417
0.0111975508313
0.0700510606887
0.296500374957
0.438728132696
0.446432952089
0.307935442564
-0.62910114211
-0.371379199088
-0.206549561757
0.120743993531
0.229327711347
0.122747835591
0.213058690254
0.131258625582
-0.686824240546
-0.513971237892
-0.253738706228
-0.155053249785
-0.0458574745031
0.198725577045
0.0155579024087
0.0474202314952
-0.532706284778
-0.489346337995
-0.146049878115
-0.084435545439
-0.0647931972641
-0.0643147218579
0.113648674283
0.105615173765
-0.233457231297
-0.0878468214711
-0.028379425465
-0.237856957852
-0.147882711145
-0.208247418735
0.00949013227888
-0.0510431338652
-0.158805138982
-0.11116382424
-0.129873862166
-0.20915529921
-0.0632067599157
-0.15896446762
-0.0859464137062
-0.0875427202989
0.106000360011
0.00100909549917
-0.119890968513
-0.139465066994
-0.139033100041
-0.209924662239
-0.0926434875515
-0.0902838906923
0.12791816626
-0.0367475237837
0.00832657745314
-0.0301783199693
-0.110390309707
-0.111110698087
-0.100466401918
-0.112312501435
0.15472868312
0.0154174374316
-0.0543687753286
-0.040463234353
0.00260104556305
-0.149105114399
-0.126180327222
-0.123222913647
0.161058403316
0.146138416369
0.18378517141
0.106996797974
0.053011082386
-0.0889724582357
-0.00726814063453
-0.00872753862785
-0.0286975748851
-0.054586712515
-0.157397746553
-0.161098261623
-0.205808674888
-0.309002484178
-0.35525314828
-0.230780796494
0.102723614551
0.0331393256031
-0.0716796110271
-0.096033122429
-0.0425186652165
-0.00503843218776
-0.154922749729
-0.185076140487
-0.00278314151731
0.15872596558
0.112533904596
0.0626342955484
0.117181553408
0.0525991608256
-0.056453897951
-0.154843426959
0.122916033498
0.203050078239
0.108918659155
-0.0252492947727
0.0806128170874
-0.0131823208391
0.0127911956195
-0.117005711141
0.219810809005
0.250480393309
0.232966937718
0.148516291092
0.0737428644715
0.0555181180952
0.0140286056993
-0.0967535337554
0.0459791305951
0.0462991952429
-0.0937576720256
0.131763609325
0.0596636549799
0.249604458905
0.133136474511
-0.0950095626418
-0.310870670593
-0.234828577649
-0.19582259162
0.228419732334
0.43256025716
0.46712868033
0.154271528844
-0.0284672540203
-0.325710745147
-0.182349195054
0.117482683042
0.261597895846
0.312403396779
0.376982471015
0.05816960828
-0.13007358668
-0.500660721769
-0.154000333824
0.250789462297
0.176702184321
0.109923097473
-0.0051365825483
-0.153569263376
-0.272728740018
-0.625727168094
-0.00676002592718
0.184159012414
0.0653855056701
-0.0103250126009
-0.137063173583
-0.0135076936686
-0.0348855405273
-0.192665959678
0.229726820211
0.164556838591
0.283778802592
0.0382326126172
0.0036129428495
0.0207789631314
0.105116318568
-0.121988265036
0.0634317018711
0.157788814117
0.0988350630562
0.102585701136
-0.0217455903172
0.17964897972
0.209209659179
0.0351402434555
-0.0233154605263
-0.0850840882936
-0.101332786942
0.0183967128677
0.163545107636
0.22520970097
0.22685354502
-0.0755454696226
-0.0459358750596
0.00010979473922
0.0550703741127
0.0504003573784
0.161853047544
0.107063636612
-0.00150686083331
-0.0660683938541
-0.0313881109071
-0.0419629106106
-0.147140018004
-0.192882095005
-0.135092356681
-0.213329200478
-0.0389723611044
-0.145398751619
-0.161683899532
-0.164279182318
-0.112737800154
-0.114259133802
-0.154334130048
-0.19032217032
0.030741227167
-1.1461050934
-0.546043616409
0.858715499746
-0.587635187121
-0.922266269
-0.513012067467
-0.683013085965
0.470242445404
0.631481969374
-0.129355392562
0.352229727739
0.239075028293
0.430052532205
-0.678204126768
-0.523413515207
0.223292481616
-0.234049196213
1.09676682189
-0.534638042291
0.387286414462
-0.333930330993
-0.36137309788
0.50604178318
-0.269888058697
-0.451401632232
0.247911603568
1.58530884253
0.657669644044
-0.291348679297
-0.212471069111
-0.645744714719
-0.148393525297
-0.261892893853
-0.206875933803
-0.222117319998
-0.0327129895355
-0.17864845096
-0.19932554029
0.660373669836
-0.535753091932
0.306863755518
-0.208968432761
-0.0599118362912
0.636767567668
-0.234391201406
-0.206430012124
-0.431574705037
-0.0973331100934
-0.100707030949
-0.077729634576
-0.129549167564
-0.158856312612
1.12282771901
-0.254571512498
0.43499883436
-0.252533782307
0.869075932176
-0.238711767999
-0.344342181216
-0.185119632718
1.66702210592
-0.0619606701981
-0.202145021895
0.693501368918
-0.264281538888
0.85097972101
-0.526606134017
-0.341231852614
-0.0978326645369
-0.400635068748
-0.207779729656
-0.295787715656
-0.409765131869
-0.127654515387
-0.117018076272
-0.0886740412689
-0.155579067328
-0.208470747199
0.340908488416
-0.203817830487
-0.308044307792
0.631690444523
1.21808593495
-0.201120274449
-0.26310697233
-0.149727783345
0.674198836895
-0.0392584812004
-0.157239535504
-0.311956740424
-0.290311588663
0.922207160596
-0.515482955478
-0.22367303911
-0.0680596008812
-0.296937837658
-0.201982968202
-0.272347492613
-0.329962632048
-0.0974599973438
-0.0869374023914
-0.0993682577098
-0.188483086671
-0.229977394515
-1.20919946627
-0.686668095271
-0.104703469253
-0.146703813723
-1.05058434315
0.169651468523
-0.370316303945
0.0174781074777
-0.311265906032
0.715559499588
0.683807739392
1.2131765682
0.0840323554003
-0.103597065409
-1.16842814094
-0.114300929595
-0.313211432863
-0.266952225875
-0.183994021706
0.918434534352
-0.617632463201
1.22044554946
-0.394430742029
-0.363362345046
-0.609843617099
0.015287529265
0.363957202107
-0.205895610626
-0.211117066182
-0.201709049777
-0.57763227737
0.936487368945
-0.333840745139
-0.165006291852
1.1595935883
-0.0336474988893
-0.149867047133
-0.276642381924
0.396428170999
-0.434701620885
-0.415650810529
-0.249187019714
-0.0785255224414
-0.243885529471
0.571355641944
0.69045724569
0.628435242815
-0.113953022163
-0.0949376233032
-0.0973449872862
-0.199334199242
-0.174881648654
-0.535363043374
-0.218164103059
-0.239748153142
0.398255202407
-0.629785690426
-0.185479232906
0.599630305584
-0.238137374694
0.297662907183
-0.052493962519
-0.151673364374
-0.412583966219
-0.239068998639
2.20297914241
0.26541117118
-0.222348337548
-0.105065861301
-0.230648220719
-0.369545190075
-0.281830122457
0.501670421976
-0.123242591408
-0.119310020401
-0.0901621011874
-0.245841794209
-0.24653075141
-0.526851895144
-0.209497832484
0.718834738164
-0.157027577499
-0.573335470798
-0.173306642489
0.567627453375
-0.123110245048
-0.193863755786
-0.0273632810247
-0.139762103184
-0.194684923627
-0.224512908763
-0.436509624902
-0.466682789303
1.40697765719
-0.0710770897577
-0.37418243908
0.945392175365
0.605871059934
-0.299100680268
-0.0816466517246
-0.0710548860212
-0.0745430272294
-0.184567927997
-0.165366374178
-0.845639001372
0.0775616225994
0.159693260652
0.669841709401
-0.99198815412
1.03189124573
0.0564708054123
0.441123902958
0.163995358998
-0.105332017538
1.11636089955
1.64808390562
-0.0262571334383
0.695788073469
-0.107473928099
-0.468220550171
-0.209340425489
1.35667222841
-0.490875093106
1.93459950445
0.338698645489
0.696439688807
-0.233241187101
0.940372033953
-0.455624101293
0.928878935896
-0.125078867437
-0.0602145079608
-0.0624414575356
-0.0596706967898
0.647457711332
-0.0381844630247
-0.0697989640233
-0.0346160471464
-0.0725151494661
-0.00651318424239
-0.032344711662
-0.0626003220232
-0.0449942426008
-0.17209275865
0.839902025287
-0.0450316785775
-0.0136254223759
-0.0595007814867
-0.0497412782297
-0.0581016011807
-0.0914392260755
-0.0182399922872
-0.0173422724171
-0.0190589739415
-0.0306324068335
-0.0454854751768
0.409293637769
-0.204502501724
0.980734850488
-0.205450294693
0.112199740271
-0.151741669546
-0.289682597459
-0.143893622824
-0.250419861205
-0.0294423632993
-0.178080243167
-0.210180225327
-0.221162842574
-0.470748522438
0.335920462184
-0.244971978154
-0.0683762898425
0.746989481101
-0.23688254178
-0.223201509606
-0.329742682093
-0.114247752568
-0.0855647252004
-0.0856096712581
-0.153496815576
-0.185996372239
1.38399993829
1.33713088362
0.478817212907
-0.402452666607
-0.391608708458
-0.345399643175
0.0810509140021
-0.344886255821
0.868890015542
-0.0911448995831
-0.336433262657
0.907371096469
-0.337929188357
-0.726488249444
0.0974697124542
0.424914792846
-0.162284756235
-0.459972106845
0.431938237452
-0.481049857994
1.04062932406
-0.184014577041
0.581225029385
-0.189113153927
0.644751389169
0.555987729752
-0.605352207949
-0.164177181008
-0.308948931793
-0.172279920516
0.228097234066
-0.15380425028
-0.328760102873
-0.177610084444
-0.241404372283
-0.0283139797425
-0.191071348028
-0.207643445396
0.387568073582
-0.576029723826
0.899560565808
-0.254094747027
-0.0729923642132
0.850014169154
-0.195378857
-0.245774969968
0.350398078977
-0.167031493693
-0.188514856813
-0.101631583652
0.519357186071
-0.183262774541
0.689290042838
-0.420664042182
-0.598741450258
-0.479946685946
0.395117778465
-0.36502539726
-0.577650812968
-0.396855534703
2.36551446834
-0.126561557859
0.259713135487
0.123846190445
-0.536218127643
-0.229076511754
0.824430634919
-0.580946280569
-0.192638694909
0.0645909982166
-0.426056021831
-0.471843021874
0.702721840806
-0.270475850786
-0.302498995842
-0.219507421338
-0.356456197047
-0.380865042495
-0.870832186064
0.194299585863
0.762501786084
0.316208510883
-0.682046581602
0.62180363446
0.0177858279095
0.283066961862
0.626148517251
-0.103566096952
-0.39461780276
0.606664113382
-0.498741674876
-0.105054118418
-0.464614444232
0.179155617427
-0.240360075974
0.959228064784
-0.480013069684
-0.510529283987
-0.747891753045
-0.293910936938
0.630170615091
-0.192454725917
-0.431454963898
-0.333231220889
0.127836954855
-0.181795194735
-0.207018994619
-0.241775376846
-0.659385454116
-0.250699079655
-0.302135113498
-0.154446395097
-0.332576386827
-0.0318898637954
-0.160543961509
-0.264693163087
1.67894644787
-0.646764489064
0.236359328255
0.459701825916
-0.0914653748535
-0.326936746273
-0.311002294006
-0.246972788813
-0.371595261157
-0.113179255245
-0.110461454372
1.01125582442
-0.26407701553
-0.213020231183
-0.272712691768
-0.114183089665
-0.127855640297
-0.121256397839
0.287405464346
-0.0931650450158
-0.181180241427
-0.0872485452363
-0.167445394878
-0.0159654196902
-0.0716955244758
-0.152979767151
-0.109120898977
0.726597919764
-0.226386262074
-0.100772606868
-0.0413327348017
-0.135138843812
0.964511963235
-0.14487282613
-0.20513488025
-0.0511782246242
-0.0483625540793
-0.044054956812
-0.101129263282
-0.113763794958
0.786285837344
0.673593703127
-0.39831858892
-0.346736724988
0.88830463508
-0.29923503779
0.35980072817
-0.225612575093
-0.425031774863
-0.058297394989
-0.244783227552
-0.350696506388
-0.472002518911
-0.666507805937
1.04709883222
1.02548038044
-0.120869694865
0.427014350882
-0.36110224742
0.482875056185
0.549523684142
-0.166154047841
-0.134031408648
-0.150337249298
-0.272631187022
-0.253577652919
-0.475242590819
-0.213100912821
-0.24272605613
-0.220063837989
0.843870644153
-0.156666662543
-0.27554662364
-0.177075167251
1.46164375433
-0.046096510169
-0.154348723672
-0.291496184534
-0.231449350556
1.09742234501
-0.45887603379
-0.163961886034
-0.0808401825878
-0.233941496332
0.695374427607
-0.212509931976
1.22400512274
-0.12584510297
-0.128063451007
-0.0833611777288
-0.145712931737
-0.168312256087
1.50793676168
-0.343312067313
1.1313307896
-0.284315668686
0.35691178428
-0.225455056802
-0.413495970271
0.704275085255
0.660773300892
-0.0516653382514
-0.225363437744
-0.357917947832
-0.301106928151
1.24066943582
-0.52190879799
-0.302051236
-0.0978677041304
0.387437726896
1.04057660144
0.218983290508
-0.46082198597
-0.141647097815
-0.139544485437
-0.126471535349
-0.229537486987
-0.297840852117
-0.76956865422
0.386852437173
-0.508218854675
0.133245627505
-0.987939709036
0.566920029408
-0.801412869574
-0.279184005996
-0.509302478419
0.833050928577
-0.246433078566
-0.409200941293
-0.37898334035
-0.0200758028407
0.500543714484
-0.397249929444
2.29498993754
-0.427225973805
-0.492467848965
-0.423677887819
-0.704751486867
0.540640037374
-0.208621035184
-0.137354988955
-0.299177013061
-0.248249981104
-0.346385290618
-0.127627689916
-0.164872711985
-0.166745903552
0.481337965772
-0.0903556803465
-0.219800872604
-0.092569745503
0.617088837351
-0.0291697185404
-0.0972791899594
-0.14922519846
-0.130900758372
0.401724544508
0.489214346661
-0.117219060876
-0.058881221006
-0.15598699569
-0.159895782744
-0.153647703901
0.35676727851
1.2807560941
-0.0640828718501
-0.0632357913799
-0.097863385636
-0.104962420092
-0.287744417422
-0.102259950766
-0.113864455583
-0.0884349955007
-0.36849587993
-0.0702148653401
-0.17060230416
-0.0630473199503
-0.131225942635
-0.0137734758868
-0.0673978804091
-0.109302429526
-0.139882912842
0.603883272597
1.04548378033
-0.0873339201395
-0.032355012259
-0.136678796833
-0.0908212708317
-0.100140328061
-0.219335343145
-0.0529088595521
-0.0598378745862
-0.0373959889805
-0.0718032637803
-0.0685759007937
0.902413709892
-0.0677748380682
-0.127417745622
-0.0923685510162
1.24102424775
-0.0627311378547
-0.115886448552
-0.0643942551736
-0.136392374291
-0.010203196452
-0.0720393509641
-0.105652946307
-0.0915931720119
-0.210124558909
-0.169752283438
-0.0845031657969
-0.0243926913918
-0.114533832289
-0.0913874019265
-0.0981643447461
-0.145845307603
-0.0399433923972
-0.0351269261965
-0.0411271587013
-0.0759095152278
-0.106545329266
-0.417510611391
-0.15004430718
-0.170671731215
-0.252685954297
-0.51938660549
-0.14399558245
-0.264661987074
1.00924712537
-0.348774976034
-0.027270167669
-0.124233599889
2.77812758095
-0.176577257548
-0.621047497425
-0.346495988994
-0.149524907382
-0.065834286062
-0.162663334992
-0.22255839082
0.809855978595
-0.292741550832
-0.0796576206257
-0.0662383142068
-0.0832290929917
-0.222695155974
-0.214765934961
-0.4746761041
-0.181275773676
-0.215389079745
-0.19462177871
-0.548489001063
-0.128239319423
-0.247268174067
-0.155709606468
2.12448042123
-0.0317910895429
-0.144793184539
-0.27286685162
-0.199167123522
-0.43460901479
-0.362798831854
-0.160948018002
-0.0615063599169
-0.212276261396
-0.210573553011
-0.205116452294
1.23016334634
-0.103043165896
-0.10051373358
-0.0878709802445
-0.161571095298
2.17769013111
