-0.0135891154894
-0.0188320502554
-0.027806313653
-0.0365725671066
-0.0392802106055
-0.0339331316523
-0.0219314287194
-0.0131505651941
-0.0205373529884
-0.0173388630961
-0.0198466066431
-0.0218907240665
-0.0225104142754
-0.0171480971726
-0.0164576222067
-0.0161199710797
-0.0338958812613
-0.0206091199906
-0.0194463460958
-0.00944176868701
-0.00364943385508
-0.00533539984244
-0.012233174745
-0.0143397845798
-0.0481654555959
-0.0164814547663
0.00400170296683
0.0197528013879
0.0197050943847
0.00844883313196
-0.00325661825705
-0.0175932139496
-0.0671917472668
0.0218141007605
0.0485180667759
0.060703084973
0.0522904765143
0.0161286524098
0.00249087006554
-0.0154846857846
-0.0376482171471
0.0794790665623
0.0834839057763
0.0648582157156
0.0616144494231
0.0351497336684
0.0161254996389
-0.0210082202703
0.0430351141831
0.0814427007394
0.0286186663166
0.0123516773681
0.0493999901802
0.0621443748186
0.0325820225968
-0.0258486543646
0.111252908232
0.00292126530041
-0.0333834857673
-0.0116504288294
0.0738483990442
0.111796286404
0.0703263386802
-0.0243517602685
0.15136139113
-0.0312842586149
-0.0150964841256
0.0416284876487
0.123985870511
0.163546234034
0.101822326369
-0.0196629508297
0.164944810254
0.0104983826129
0.0437974376153
0.080539853326
0.122535375422
0.162331867116
0.122232887548
0.0164064177072
0.118583525904
0.0262200879835
0.0371406848708
0.049905057546
0.0524253114107
0.0745827419413
0.102421766632
0.0751688372
0.0637160707798
0.0156347617015
0.00949909526509
0.000435497997478
-0.0174779216407
-0.0066887687259
0.0448217387609
0.0728884148721
0.0105719682168
-0.0211337805299
-0.0152282361385
-0.032236370476
-0.0447901128329
-0.0339661705286
0.00828792656818
0.0429712818195
0.00192150515687
-0.0170203946265
-0.0280715497337
-0.044379110982
-0.0487431037215
-0.0417141407424
-0.0156599725273
0.0180961974198
-0.0107541838759
-0.025754786477
-0.033137359432
-0.0379277077657
-0.0464217097678
-0.0378582054652
-0.0263335829737
0.000849023961437
-0.0131491866378
-0.0266367186533
-0.0394255357327
-0.0465048365736
-0.0499927458067
-0.0377842542126
-0.0218481225698
-0.0054270000971
0.0372564128999
0.0243824622541
0.00129975436273
-0.0196959079427
-0.0269807547713
-0.0295199934875
-0.019795211793
-0.0104866777472
0.040487203149
0.021439478642
-0.00350230219369
-0.0127095168988
-0.0220411831194
-0.0252716051653
-0.0218198871966
-0.015896935854
0.0398472203854
0.0187588991363
-0.00548102296215
-0.0179692156111
-0.0265785493988
-0.0300314575473
-0.0287540216048
-0.0232543166716
0.033845008444
0.0136314620007
-0.0113646264969
-0.0251938538302
-0.0354507675462
-0.0360802733073
-0.0334095412469
-0.0308190768135
0.0147440215797
0.00338356987565
-0.018662222058
-0.03390794118
-0.0449984012315
-0.0461214595198
-0.0413177045546
-0.0402213907483
-0.00504259915513
-0.00382449889585
-0.0193757468202
-0.033226976808
-0.0442391449539
-0.0405612239844
-0.0398398737557
-0.0430867462443
-0.0264214726515
-0.000780184040219
-0.00971501136373
-0.0263989790924
-0.0346205180356
-0.0290576942461
-0.031385523177
-0.0397642417735
-0.0358840167816
0.01457902471
0.00424956361707
-0.0190168963175
-0.0273787838709
-0.00939069270565
-0.00882978924983
-0.0262575205537
-0.0452149734292
0.0235309121425
0.0222994496017
-0.00518763774202
-0.00487498799338
0.00823462654571
0.0140998312912
0.00235941254819
-0.0454487328832
0.0268859608967
0.0387215171938
0.0169616821349
0.00886615414685
0.0135765021974
0.018802538034
0.0265530704353
-0.0369417110088
0.0283515221711
0.0487612020762
0.0158103584065
-0.00754744182841
-0.00107480367586
0.0185017703079
0.0464188413685
-0.0234213953048
0.0317154801554
0.0463789684706
0.00638422434702
-0.0168679870979
-0.0119891275803
0.0283103162584
0.0625339079317
-0.00757539439201
0.0374155143616
0.0424926892347
0.00459952762733
-0.0166054062409
-0.00123173691628
0.0422720991379
0.0605034345984
0.00852952079818
0.0400830257348
0.0412804813244
0.00275278975471
-0.00640722024599
0.0196922725369
0.0591690655734
0.0473219594309
0.0229878647877
0.0412963480418
0.0428682114119
0.0201557374719
0.0267930684424
0.0503554532488
0.0566568485113
0.018639605722
0.0254432533831
0.0527951951967
0.0610371132933
0.0635735975205
0.0570679677008
0.0412747889192
0.0201896252988
-0.00240613958035
-0.00907715022772
-0.0117929962502
-0.017118614165
-0.0199393771012
-0.0146290261757
-0.00626971274442
0.00114478702269
0.00071129729275
-0.0130541697539
-0.00813780735484
-0.00900282598793
-0.00410914214877
0.000701769930828
0.00558103606819
0.00758658483155
0.00430565467001
-0.0192330636505
-0.00635037096814
0.00485977456485
0.0123541404624
0.0200378315877
0.015988338058
0.00935297524242
0.0073492896483
-0.0197396598641
0.00991681611727
0.0279436116456
0.0246200166436
0.0193380395605
0.00345171556277
-0.00254473256747
-0.000684486680176
-0.0138267604933
0.0414098370414
0.0537943937021
0.0412022444006
0.0158655173521
-0.00208923584042
-0.0128931129999
-0.0148478806185
0.0233500196013
0.0711520975043
0.0397750230417
0.00673869530062
-0.0160693638346
-0.0276639571608
-0.0363406006181
-0.0380726919564
0.0704823192931
0.0418313617063
-0.0124238376755
-0.0408573274896
-0.0497933378781
-0.0466732976739
-0.0461831093244
-0.0565443230755
0.105472760879
-0.00536316798667
-0.0481057915555
-0.0655972549809
-0.0647747962449
-0.0515774864834
-0.0454573487858
-0.0595692849878
0.120866750144
-0.0385544915014
-0.0588436289024
-0.0674177964828
-0.0646301500481
-0.0491035589404
-0.0462951329692
-0.0530692510264
0.128629923942
-0.0264186523081
-0.0475440636599
-0.055859411595
-0.0520845748252
-0.0390630090583
-0.0339843995445
-0.0335298789665
0.111999677534
0.00754294820811
-0.0191998835467
-0.0266209432995
-0.0193186779405
-0.0069058058491
-0.00442565416993
-0.00805739226197
0.0786984793354
0.0390442212627
0.0134448390424
0.00852870136526
0.0131973458254
0.0208138193797
0.0158855204839
0.00268950083079
0.0351020754591
0.0390135455102
0.0284597514259
0.0140413031286
0.0139757905091
0.0201920365095
0.0121569198333
-0.000135810463871
0.00592460542252
0.0161208175476
0.0233679496465
0.0173022421319
0.00926622164209
0.00985870273956
0.00494452505648
0.0023815326893
-0.00645393900376
0.000673171469302
0.00482869595697
0.00672978137554
-0.0015192051999
0.000598815777596
0.00110999943663
-0.000918277023271
-0.00883251617246
-0.00975673709807
-0.00999448015059
-0.00602031272623
-0.00718566912947
-0.000836937978983
0.00408571188632
0.0020062552185
-0.00758678208032
-0.0128833478293
-0.0247777829009
-0.0252871456847
-0.0108445496175
0.013495397497
0.0108211387303
0.0139504562519
-0.012131352714
-0.0164129102518
-0.021908080769
-0.0156965374949
-0.00127669350885
0.0225112330132
0.0141592266981
0.016215575929
-0.0187671780009
-0.0223954276518
-0.0253576411635
-0.0154417186776
-0.00251839551413
0.0191301327133
0.0174501673309
0.0139070815732
-0.0317657190043
-0.0319546801037
-0.0366961245051
-0.0262808704223
-0.00581823110245
0.0235345595492
0.0227952339679
0.00835167385378
-0.0487150629897
-0.0457188547258
-0.0496491884211
-0.0376145816691
-0.0149063184311
0.0182252512598
0.0215529738355
0.00123518291332
-0.0660073965976
-0.0541654879258
-0.0492099596544
-0.0350169548118
-0.0113323426187
0.0232105176944
0.0281765075331
-0.00242469471902
-0.0810958375705
-0.0580907474637
-0.0417134052854
-0.02732038321
-0.00568346068035
0.0261035972697
0.0303101409016
-0.00295093774057
-0.0862317186582
-0.0429771975028
-0.0242560969047
-0.0165016490175
0.00303352633642
0.0423350623302
0.035996739096
-0.00395591421612
-0.0750200018
-0.0145214127234
0.00367827708294
0.000253391736139
0.0178175174916
0.0568581845013
0.0366029893923
-0.00919120703353
-0.0408215012582
0.0143401362854
0.015760261241
0.00358320152666
0.0248823089576
0.0600377016091
0.0400067903197
-0.0136957069274
-0.00129131161735
0.0147658495717
0.00630295534308
0.00129313504322
0.0343400739316
0.0665638984693
0.0422110372865
-0.0189566868769
0.0423423956942
0.0275923323048
0.00662678780761
-0.00317741185086
0.0224264466809
0.0625135648244
0.0415992863074
-0.0105277767819
0.0669702768237
0.0307085264546
0.00129005333851
-0.00181828904035
0.0164840357972
0.0519361543859
0.0466861463861
0.0103670182527
0.0736741521207
0.0419121706606
0.00788830894691
0.00414529507019
0.0208829603388
0.0459800377986
0.0465960827766
0.0231440730529
0.056157084393
0.0594950108387
0.0256340644183
0.0186586073472
0.0201876454337
0.0296124069454
0.0399459110185
0.0268540008896
0.0259489758086
0.0567135784695
0.0566782631932
0.0459726391084
0.0257768119874
0.0182201048603
0.0212834810179
0.021372328488
-0.0162650096943
-0.0218928181974
-0.0299043329988
-0.0325037437477
-0.030295307261
-0.0210404661584
-0.00967875278936
-0.00546067978675
-0.0263113708749
-0.0187378493792
-0.0129860831744
-0.00367311452315
-0.00447579417396
-0.0114822502232
-0.0120795832876
-0.00117279987988
-0.0361255238162
-0.00251645522995
0.0140171663325
0.0192545379871
0.0182479033354
0.0176255963387
0.012264242153
0.0189793931279
-0.0386656902086
0.0252613351807
0.0477269932071
0.0434668934658
0.0425811928009
0.0355926231693
0.0244375269951
0.0472700086837
-0.02333485631
0.0810236237055
0.0899184189278
0.0783606041963
0.0607534438201
0.0412657271925
0.0317088735463
0.0667570463921
0.0505154581547
0.113998415726
0.0800680388167
0.043185171147
0.0333193481627
0.0335238559924
0.0332987215963
0.0482081477126
0.112903433774
0.111553689014
0.06634257133
0.0570573529268
0.0840877261001
0.0863960563886
0.0588247434725
-0.00524243046904
0.167770909522
0.124676721409
0.116585592482
0.101401413116
0.095126499727
0.0622925582898
0.00126971039532
-0.0892099605644
0.183990415416
0.101412589684
0.0828756523422
0.0313208753711
-0.00595954835951
-0.0321051741497
-0.0787439342263
-0.121882290964
0.157130442392
0.0533268490761
0.00422274545679
-0.0518608588315
-0.0700030889134
-0.0716946037323
-0.0906328946623
-0.0982870808419
0.112946203236
0.0800406841332
0.0406538194747
-0.00535612336521
-0.0200449535862
-0.0174828420028
-0.0270761014848
-0.0312009768404
0.0341090527045
0.0588446392481
0.0654315785151
0.053162855034
0.0484173656989
0.0491187925194
0.0300288776832
0.00200649710282
-0.0110099116956
0.0350264994371
0.0447093897591
0.0445153888913
0.040656505045
0.0452395406994
0.0276338214421
0.00144575046563
-0.0358832778346
0.000200764940576
0.0106438439089
0.0217755594335
0.0254555927966
0.0264687660919
0.0153642223295
-0.00193176075073
-0.0322257605378
-0.0200279558047
-0.00622221080737
-0.0040210129671
-0.0106500650016
-0.000973293059321
-0.00151655275904
-0.00317300524631
-0.021629484205
-0.0309167950206
-0.0307412898804
-0.021178123331
-0.020388471993
-0.00886052872469
-0.000254958102315
0.00243415203536
-0.00483285046695
-0.00397285474236
-0.00240918511951
0.00993125989916
0.0294732744648
0.0389532179213
0.0361905449663
0.0177413071468
-0.00423219714022
-0.00116485703011
0.00468610627511
0.0122920015723
0.0161228874161
0.0205927685124
0.031621388704
0.031007365306
-0.00730677829166
-0.00430232599482
0.00385585396404
0.0142060071005
0.0101398801921
0.00735483792265
0.0167534564404
0.0250531706182
-0.0122279215076
-0.0083241135834
0.0039622902638
0.0101175380249
-0.00195421570501
-0.00830724513143
-0.00347205305786
0.0102998576265
-0.0239523799272
-0.0158424535624
-0.000521586788032
-0.00270111273646
-0.0190507127631
-0.0292146209518
-0.0228956181642
-0.00867740432655
-0.0341768909255
-0.0180306159076
-0.00235905129652
-0.00513478176331
-0.0240653282859
-0.0355696017038
-0.0292875702241
-0.0217705537774
-0.0461794066243
-0.0216471445646
0.00133373310231
-0.00264243249317
-0.02619176072
-0.0336323221549
-0.0295001510447
-0.0285228465559
-0.0446256694857
-0.00942069375896
0.0121021024978
0.00594233650124
-0.0176226481153
-0.016548436862
-0.0199279167432
-0.025702219307
-0.0301532506387
0.00825082944267
0.0206721404582
0.0147057751232
-0.00432376801544
-0.00425222610979
-0.0126574114592
-0.0271043918263
-0.0306992576588
0.00343244388598
0.0180170396004
0.0199010171374
0.00226476517405
-0.007740510623
-0.026103118825
-0.0374589035392
-0.0320461041892
-0.0089156794398
0.0112363743445
0.0104968766231
-0.00164864826655
-0.0157332101681
-0.0292917010039
-0.039717355324
-0.0306409168858
-0.018360679112
-0.000210307901511
0.00473286932905
-0.00934616706382
-0.0242269015005
-0.0307856610492
-0.0354054844884
-0.026947821818
-0.0198613955433
-0.00660655576611
0.00777214083418
-0.00180193443595
-0.0188932896107
-0.0269909002456
-0.0259903918284
-0.0170067186547
-0.0152138938683
-0.00622731109711
0.00999003658746
-0.000971690369561
-0.0140882764284
-0.0194439018166
-0.0177049737486
-0.0100973942476
-0.00960538719373
-0.00479109669411
0.00625876685193
-0.00136946871237
-0.00907041360268
-0.013660880708
-0.0106321633662
-0.00716300177988
-0.00878554728686
-0.00572178270371
-0.00351920692921
-0.00620390019694
-0.0124495342033
-0.00925469717575
-0.00581661508396
-0.00433229110282
0.0130653144518
0.0484729734914
0.074600194185
0.0828888290842
0.0686984185309
0.0473403979722
0.0134489665144
0.0101595981185
0.0442737710978
0.0664645726529
0.050629498536
0.0521605726571
0.0568239586976
0.0538710535061
0.0259135516758
0.0214107315044
0.0589118861467
0.0641547374573
0.0423328273158
0.0581577446752
0.0708952364563
0.0532001739805
0.0224599089528
0.0285424481037
0.0503484958495
0.0491629676292
0.0486388090923
0.065387649568
0.0811688051422
0.0536161891839
0.0160801436763
0.00911549747301
0.025841382876
0.0383794098145
0.0442139532191
0.0661100831803
0.0863686108462
0.0551621939331
0.0122378845519
-0.0271343411809
-0.00214082646424
0.00896128299472
0.0217753824624
0.0460542411431
0.0740999087744
0.0715026939049
0.0162187588799
-0.0617317408501
-0.0254764895611
-0.0108369581042
-0.00223846336923
0.00941912234684
0.0472521403504
0.0711211206707
0.0256091116477
-0.0922449078003
-0.0538617887786
-0.0342453080194
-0.0319742736769
-0.0266240505168
0.0203487353052
0.0686031590657
0.0368477445984
-0.0966192194514
-0.0580848308599
-0.0371077064677
-0.0447693086911
-0.0332319460432
0.015125479827
0.0609010638597
0.046192968856
-0.086928617275
-0.0532815802321
-0.0371840172511
-0.0389547569478
-0.0290226432547
0.0134092987928
0.0514229965564
0.0489214779638
-0.0642543995101
-0.0478672523838
-0.0408795692243
-0.0426923164186
-0.0302850732156
0.00568427100594
0.0369423368965
0.0477565208225
-0.035263487358
-0.0320556663317
-0.0388734775454
-0.0375080915663
-0.025801610581
0.00850746478556
0.0365058415493
0.0533817143632
-0.00262115307296
-0.00456825740725
-0.0168374289073
-0.0146061587923
-0.00771731136653
0.018528175548
0.0447773866621
0.0582986133386
0.0176821627911
0.0185647542328
0.00178020179758
0.00528223159392
0.0165043366063
0.0326835376387
0.0607376501523
0.0524988540749
0.0193780994164
0.040804700721
0.0313742037852
0.030843694209
0.032604276085
0.0395883455659
0.0571679984747
0.0315064333638
0.0194149531132
0.0553273173398
0.079087404342
0.0890340189119
0.0762915314375
0.0592091826423
0.043176813084
0.0119943158881
0.0232625831318
0.0116524965158
-0.00776154973261
-0.0170697765268
-0.0218997307746
-0.0184770287777
-0.012111062433
-0.00526376878416
0.0315542034148
0.00730006565858
-0.00873196375048
-0.0145463192903
-0.0201732387202
-0.0167991894092
-0.0156728606053
-0.0102921959037
0.0370876942225
0.0043446010852
-0.0141958651097
-0.0184746282849
-0.0257284572103
-0.0224931034826
-0.0204225243513
-0.015869112931
0.0330398300834
-0.0026567600825
-0.018993678696
-0.027033338514
-0.0315805362673
-0.0275008974878
-0.0267943440494
-0.0229782570941
0.0195508571237
-0.00849747803269
-0.0283902049608
-0.0383403795102
-0.0404304421299
-0.0378453132464
-0.0336307038602
-0.0313588939048
0.000445650044771
-0.0124221893408
-0.0288166306531
-0.0352458943081
-0.0385328496683
-0.036132624127
-0.0329917149942
-0.033906552554
-0.0155910189976
-0.0134927522399
-0.0232426415938
-0.0305146043564
-0.0363768006952
-0.0320918716928
-0.0298449166386
-0.0340667792375
-0.0229407593537
-0.00533411804993
-0.0135152104585
-0.0242431019095
-0.0250673217948
-0.0159370923344
-0.0170379765042
-0.029655000688
-0.0291787539777
-0.000400135475276
0.00200461370689
-0.00835194808302
-0.00796734721162
0.00144502416189
-0.00206786792621
-0.0230629831492
-0.0298148800096
0.00172958532111
0.0186928455407
0.00574464831607
0.00232334776259
0.0101910221049
0.00481024893765
-0.0164312416903
-0.0241431648244
0.00829957107947
0.0240761261956
0.00412443584778
-0.00157679857411
0.00631161674855
0.0105519671395
-0.00830675238206
-0.0130573321711
0.0208487755675
0.022890312402
-0.00215223594025
-0.0147961950825
-0.00479238488725
0.0148369033838
0.00740492045507
0.000710433880608
0.0274176945513
0.0164971747545
-0.00706887899962
-0.0215439423532
-0.00770416404716
0.0195476893663
0.0223742165776
0.00913822901911
0.0271434870253
0.01095652483
-0.0134220357574
-0.0249071407261
-0.00800452088616
0.0216584070713
0.0310018320684
0.00926648669656
0.0193834448253
0.00446390801084
-0.0157770237307
-0.0248257341675
-0.00607936618833
0.0203499934198
0.030433280269
0.00729176644453
0.00747641588588
-0.00864660020874
-0.024758493017
-0.0280022029516
-0.00773380314839
0.0183287883372
0.0285846020915
0.011031016198
0.0525714821191
0.14615900767
0.185688696896
0.172100482972
0.0856730055104
0.0182694450774
0.000777130500893
-0.00214864117301
3.32856393983e-05
0.0367492235746
0.0534616452773
0.0716329596974
0.0202271933061
-0.0111054270404
-0.0150426693596
-0.0182154719102
-0.0259390646001
-0.0143567589023
-0.00713545630161
0.0168179863234
-0.0138087948405
-0.028267603764
-0.024770871266
-0.0302110697605
-0.0380116943642
-0.0333648832167
-0.032793133009
-0.0132434508652
-0.032696150688
-0.0389141819203
-0.0325043148109
-0.0458819080823
-0.0510471641242
-0.0442547036572
-0.0352324703471
-0.0202871275521
-0.0400752870136
-0.0414408387032
-0.0379884787905
-0.0608005718345
-0.0594003391772
-0.0370520892407
-0.0164021779778
0.000609061636069
-0.0333378728146
-0.0442579919298
-0.0422753909562
-0.0681262454763
-0.0561439891406
-0.024525859976
0.0109580028919
0.0348468701286
-0.0233793637279
-0.0461623706707
-0.0435247849932
-0.0716315122651
-0.0487637720927
-0.0132524924045
0.0402963751692
0.0794286837845
-0.0133233234879
-0.0453252303955
-0.0416278873789
-0.0736530305368
-0.0476958356244
-0.00239687677137
0.0733540360042
0.109058796982
-0.00370072557874
-0.0414549303433
-0.0411989108093
-0.0698795696701
-0.0445784831118
0.0100683986751
0.104338220938
0.137964260554
0.0127100216782
-0.0414177010993
-0.0465978485256
-0.0592339728256
-0.0378329571022
0.0163548732167
0.123584023995
0.151392288694
0.0205065663335
-0.0434493154518
-0.0512548145342
-0.0462362712978
-0.0311119070653
0.0217729849407
0.123478494098
0.140828087259
0.0343395176359
-0.0356185580222
-0.0448638008909
-0.0334725232137
-0.019608837602
0.0373070578893
0.119756131434
0.13959663811
0.0501062666543
-0.0179075392638
-0.0316193796696
-0.0224951417084
-0.0064829628874
0.049329254917
0.110735249986
0.138738517761
0.0646323231758
-0.00624778043228
-0.0181393017022
-0.0115354149695
0.00183082640314
0.0545194167147
0.104938945529
0.138541807415
0.0834196421503
0.0187807541874
-0.00429239991882
-0.00158214138875
0.00555229044217
0.0517255710379
0.0915447579831
0.147226497221
0.114954124725
0.0409707544591
0.0100938070958
-0.00324102645764
-0.00429000839116
-0.00850491290416
-0.0125302467822
-0.0154712279927
-0.0117534117387
-0.00777329240887
-0.00434363693784
-0.00641951002619
-0.00873283336575
-0.0133793104234
-0.0160640944109
-0.0157601830466
-0.0122992246742
-0.0100541145389
-0.0085984046832
-0.0112899960088
-0.0136070200046
-0.0171328612876
-0.0196027149466
-0.0192253604228
-0.017464323403
-0.014992968857
-0.0132412580898
-0.0166401304471
-0.0178652670709
-0.0218849017982
-0.0236144314384
-0.0226367645636
-0.0175704469535
-0.0171199499811
-0.0175837727878
-0.0261651423325
-0.0253563268072
-0.0293396346778
-0.0297522188092
-0.0266322683704
-0.0214863167205
-0.0219185797113
-0.0232035743149
-0.0363544891682
-0.0322365824787
-0.0315728334966
-0.0298268655036
-0.0260470553983
-0.0211522516279
-0.0222252373621
-0.0234258061677
-0.0463633012049
-0.0361910494228
-0.0316421062637
-0.0306730867041
-0.0268726905945
-0.0198894881629
-0.0213324643998
-0.023836303214
-0.0505503961181
-0.0335639760778
-0.0306033173084
-0.0348563641647
-0.029541342535
-0.0165883567306
-0.0182964533977
-0.0236258896611
-0.0511627893909
-0.0325027545824
-0.0306931990305
-0.0367697406859
-0.0296674400726
-0.0137180681685
-0.0160350027779
-0.0250488792666
-0.048760748746
-0.0322742159117
-0.0304253273103
-0.0339040245015
-0.0285734824644
-0.0124842789969
-0.0162579627587
-0.0269294791317
-0.0412126392667
-0.0321870899625
-0.0308017022059
-0.0333140659413
-0.0288687096652
-0.0141496429981
-0.01807196812
-0.0271421272995
-0.0311429550436
-0.0280462723234
-0.0293498407261
-0.0325239033322
-0.029168668016
-0.0140813039663
-0.013722700574
-0.0206593945359
-0.0212525072806
-0.020395306723
-0.0227457301121
-0.0276015536416
-0.0246953485858
-0.0119877964778
-0.00888748628934
-0.0128795493985
-0.0127609500613
-0.012128799879
-0.0155382126811
-0.0213246510177
-0.0217174100809
-0.0107148258291
-0.00461218644649
-0.00670634702328
-0.00781906761682
-0.00646173102959
-0.00653333143078
-0.0104093259105
-0.0124516114632
-0.0054337723813
0.000409280941677
-0.00258529612512
-0.00491172819485
-0.00521737524744
-0.00243176411283
-0.000319272898637
-0.0016483498452
-0.000285737708376
0.000629809750483
-0.0029880951512
0.0191467589464
0.00832732022116
-0.00754515304643
-0.0202545770318
-0.0259416181092
-0.0234770942816
-0.015424731266
-0.00915086707739
0.0258493529733
0.00919344735658
-0.00836572919314
-0.0160919221671
-0.0213699877967
-0.0212229574008
-0.0157836044162
-0.0108705580581
0.0342440941817
0.00864788936214
-0.0123168483852
-0.0214389559453
-0.0269801913786
-0.0235563497178
-0.0177951209186
-0.0168100418994
0.0322096095527
0.00358855604561
-0.0191848286387
-0.0285205734261
-0.0286809171933
-0.0204277119793
-0.0224201846368
-0.0253514421502
0.0217103117617
-0.00577501717378
-0.0301489546368
-0.0347432074867
-0.0284410653441
-0.0244269030861
-0.0284706354839
-0.0324986679603
0.00428361801194
-0.010184890808
-0.0249332888833
-0.0258605986325
-0.0226652409406
-0.0178007554571
-0.0208689509238
-0.0290000863893
-0.0118849534859
-0.00451550761238
-0.0102605753669
-0.0104101366859
-0.0125537266492
-0.0095149332476
-0.0198078580824
-0.0301918322161
-0.0224139763121
0.0065530693243
0.00492045535162
-0.0108285472082
-0.0150347727842
-0.0116700502106
-0.0182478097771
-0.0306887767902
-0.0236112748938
0.0225069915634
0.021530101243
-0.00219584371926
-0.0120949412634
-0.0119623983138
-0.0234845810635
-0.038260849677
-0.0164294910171
0.0259324655984
0.0226262010031
0.00505890335791
-0.0090065049247
-0.0139743342013
-0.0289876565465
-0.0423481972924
-0.00469164429146
0.0232704812372
0.0219516334899
0.00915975090656
0.00014602260582
-0.00825099506729
-0.0287054497817
-0.041757231456
0.00362456851029
0.0225397044549
0.0186686370387
0.00660983821725
0.0017007011025
0.00103946842996
-0.0137752234863
-0.0288609227097
0.0153136221228
0.019619780853
0.0091523087851
-0.000499162337374
0.00252458595651
0.0103049829712
0.00654767372223
-0.00218864251296
0.0194671325028
0.0183696800323
0.000347827639908
-0.0100680088577
-0.00293007293375
0.0125875450361
0.0151667299144
0.0138771840769
0.0199519998926
0.0107756374247
-0.00513218210433
-0.0134832645668
-0.0129959992535
0.00298653600338
0.0148662111201
0.0179380623788
0.0130705150765
0.00759444050472
-0.0128689374744
-0.0219855453506
-0.0256934330968
-0.0115932885218
0.00637253549853
0.0163940096885
0.000397448720475
0.00747183900187
0.0530854170753
0.0795143985363
0.0544899722416
0.0170772000013
-0.00834413605654
-0.00636780850121
-0.00654493652467
-0.0019951749053
0.0428928175179
0.0860095914294
0.0652247643852
0.0155160311639
-0.0144725372198
-0.0129021195288
-0.0132516615538
-0.0114847950139
0.0322339326265
0.0868348085569
0.0703368112661
0.00202496637133
-0.0229801541643
-0.0222711016515
-0.0214802098338
-0.0220783312788
0.017440735969
0.0880896450445
0.0745806476633
-0.0123960295679
-0.0315948604369
-0.0308964532385
-0.0340170873428
-0.0342997933445
-0.00418388004545
0.0806545041641
0.0701193992664
-0.0273568551042
-0.039244983972
-0.0408392838408
-0.0474946534817
-0.0456084207847
-0.0181426779516
0.0903325685729
0.0806439178944
-0.0376884669965
-0.0439480939038
-0.0436107441265
-0.0632903380025
-0.0522255180105
-0.021904427549
0.0969305224375
0.0816407458005
-0.048725922119
-0.0478674327268
-0.0440892660468
-0.0671839880447
-0.0454884219287
-0.0242791571193
0.102747834528
0.0721543486787
-0.0520785823557
-0.0456916731186
-0.0422142211829
-0.0665821188766
-0.0453889272755
-0.0276478562706
0.11390546073
0.0661910394421
-0.047975785382
-0.0455420156568
-0.0450272415639
-0.0599028208274
-0.0474747536423
-0.026635183365
0.118106761967
0.0712459236698
-0.0390639642391
-0.0472390059236
-0.0480752593764
-0.0499277783351
-0.0484788508135
-0.0233131108628
0.113046849187
0.0727632986586
-0.0322839883433
-0.0485370494216
-0.0513140137358
-0.0336949819608
-0.0371167864376
-0.00867974032157
0.100999572466
0.0738710100063
-0.0228715014289
-0.0415683279133
-0.041600295413
-0.0214831790238
-0.0237395848516
0.00807802076823
0.0883544568665
0.0858242053441
-0.00975178341206
-0.0327708251244
-0.0317312221797
-0.0114350587868
-0.0163542458272
0.0162001626331
0.0732173117675
0.089187377299
0.0042075849804
-0.0234367238675
-0.0198345891154
-0.00377779082256
-0.00761263254791
0.0280154873759
0.0654968856114
0.101163334983
0.026005654505
-0.00937635914346
-0.00865319238464
-0.00158295478665
0.000826677115515
0.0290204707155
0.0567624208101
0.114270736322
0.0657374290319
0.0118974260551
-0.000483230401787
-0.00741354091676
-0.0124407190476
-0.0216036343675
-0.0291510094171
-0.0309185989619
-0.0250102063314
-0.0176330370398
-0.0103845748171
-0.0124086279479
-0.0155103302474
-0.0216860036267
-0.0258863885058
-0.0274973188781
-0.0248581179694
-0.0214103333011
-0.0159988771416
-0.0197354734434
-0.0201410200047
-0.0274025480054
-0.0328623618812
-0.0345699269539
-0.0320653429798
-0.0270769022428
-0.0218501206332
-0.0253675753081
-0.0271832931988
-0.0335666438192
-0.0404154453597
-0.0427782333996
-0.0362375598299
-0.0265010655163
-0.0254583419079
-0.0207302491015
-0.0262705514205
-0.0259406340132
-0.0418281709378
-0.0433240671026
-0.0275006271591
-0.0118577235763
-0.0179073577663
0.0054217899068
0.000922351506768
0.0223607813076
0.00702512264196
-0.00347673967282
0.0180820655369
0.0397533846906
0.014178530909
0.057342916204
0.0511647111681
0.0761295544723
0.0621388226808
0.0519366241569
0.0732154711965
0.0714238430098
0.056632103149
0.0595756903194
0.0624533454448
0.0386527242305
0.0646161154412
0.0766815287115
0.0521057808983
0.0419335438568
0.0890451183279
0.064235101675
0.0516040773904
-0.00559920273839
0.0564589005908
0.0731929143042
0.00697351537534
0.00472567362612
0.103366624807
0.0554532503231
0.00733507170476
-0.0371612093402
0.0249586377728
0.0337683309971
-0.0282946711505
-0.0278186770539
0.0886397219331
0.0184825115811
-0.0384723957167
-0.0558752442319
-0.0223800221095
-0.0215102158302
-0.0438068233592
-0.0440805713183
0.027639831982
-0.0168267011779
-0.0548900258089
-0.0565720320849
-0.0494825101726
-0.0473687554223
-0.0446841377085
-0.0445861060485
-0.0200314206956
-0.0301699549389
-0.0444736946154
-0.0465605374686
-0.0464105422684
-0.0448517718676
-0.0359076940849
-0.0349114903054
-0.0308252287063
-0.0258148352528
-0.0328167533142
-0.0365147159031
-0.0377003323691
-0.0379150066774
-0.0301490250395
-0.0259541397498
-0.0215093409734
-0.0172223038973
-0.0227882696215
-0.0267333965437
-0.0286388433311
-0.0306145110037
-0.0248411537857
-0.0188571351364
-0.0133125168361
-0.0102321328883
-0.0176840791284
-0.0243910383735
-0.0280867228754
-0.0311676060287
-0.0238439329038
-0.0144033921479
-0.00787766804451
-0.00910105514912
-0.0158411067115
-0.0260462191998
-0.0320015565818
-0.0340620375655
-0.0289948395317
-0.0232372837121
-0.0142705630175
-0.00767652329925
-0.0152921672691
-0.0257982271855
-0.0223466313319
-0.014843609106
-0.0163327791651
-0.0166538267456
-0.013695635553
0.00539268512655
-0.0158567599067
-0.0154887268305
-0.00872230197351
0.0011781770948
0.00303034209369
-0.0064453137897
-0.0107383361567
0.0287891991815
-0.0075125507361
0.00157336578485
0.0148634770746
0.0175960307054
0.0263744543613
0.0145330641026
0.00994176493884
0.0805118934211
-0.00133086781274
0.0229285266945
0.0393532901221
0.0590126464569
0.0653885448695
0.0445132948103
0.029862989519
0.121572838235
0.0186868126786
0.0566721083986
0.0614030570222
0.0670312654187
0.0696008770388
0.0577397866011
0.0587458940199
0.130003650253
0.0610935196607
0.0863813386641
0.0555340360368
0.00213281352114
0.0190317088498
0.0757043703669
0.100817335532
0.119671886652
0.122928137183
0.101595814134
0.0110283129458
-0.0727957143229
-0.023620934345
0.0926027968288
0.14070421501
0.113055818768
0.17073173794
0.0885054228762
-0.0284707340253
-0.0857383292844
-0.0336313567777
0.0971190930718
0.165158002761
0.105422594427
0.153172267784
0.0395335997441
-0.0479664020258
-0.0769919352286
-0.0318649563635
0.0656512244485
0.181334498768
0.091507484797
0.0790672761755
-0.0229905498239
-0.0717699404827
-0.0748257682729
-0.0473093265554
0.0150994412751
0.186262295447
0.0817885830231
0.00749135481173
-0.0704973338256
-0.100729195559
-0.0934533058346
-0.0687584469011
-0.0198927675498
0.150583439195
0.0467724996532
-0.0317952442387
-0.0764561698096
-0.087064989196
-0.0790581210084
-0.0648832667206
-0.0261788848988
0.0870864386689
0.0152509011217
-0.0430346590606
-0.0672601533013
-0.0729027727481
-0.0658776148415
-0.0533726453687
-0.0283423620891
0.0394988213962
-0.00543374477174
-0.0370190749931
-0.050201754263
-0.0521532779895
-0.0522225581204
-0.0431083971231
-0.0239593023532
0.0088676562001
-0.0105874607411
-0.0312644372635
-0.0449289473489
-0.0502998148069
-0.0503730077792
-0.0374094507966
-0.0194687325778
-0.0039846698349
-0.00723349170332
-0.00580816127195
-0.0119601487676
-0.0130332575171
-0.0146921323196
-0.0177163734632
-0.0151552994228
-0.0140940973635
-0.0129897426922
-0.00477751391884
0.00686282898049
0.01082930748
0.00611534133169
-0.00151393455873
-0.0139305487412
-0.0240165210801
-0.0140226464277
0.0123662119456
0.0292358952327
0.0370646011885
0.0290219870195
0.0260053424583
0.000907948055291
-0.0277828484027
-0.0117979450954
0.035957614906
0.0460124232037
0.0425636528403
0.0417228647735
0.0450862251028
0.0356267567288
-0.00910246408546
-0.00456701280887
0.0568959993767
0.0629147905751
0.0517884075154
0.0484261346375
0.0601364486888
0.0723407140384
0.0503771313285
0.0114805321211
0.0599400068938
0.0407138510686
0.0172831077419
0.00192708596196
0.0252105603454
0.065276799593
0.131813544438
0.0496395305678
0.0440112116973
-0.0153197541298
-0.0544158858251
-0.0720811641507
-0.0489007751436
0.0149911618743
0.199460421004
0.0968096908496
-0.0105618825382
-0.066463500931
-0.0944498666689
-0.0968581033848
-0.075987220506
-0.0368850282851
0.23178453941
0.120772673587
-0.0537709930892
-0.0776716459262
-0.0980679660928
-0.0943074281904
-0.0728895958109
-0.0230106977652
0.228745178168
0.128651768439
-0.0572688317448
-0.0732365998869
-0.0806698342396
-0.074999216265
-0.030928407814
0.0446176612992
0.177481522889
0.127378045505
-0.0165158766865
-0.0329863311587
-0.0347388925877
-0.015261959662
0.0455799618683
0.0929361576301
0.0876335508876
0.0996712738407
0.0244005025308
0.0178567763798
0.022465750681
0.0461833615441
0.084403595885
0.0762075854753
0.000634708673575
0.0589444213523
0.0375413075119
0.0324878980499
0.035552445406
0.0498876995473
0.0579293756634
0.0343117712393
-0.0327851401425
0.021002094816
0.031375958466
0.0307113984496
0.0308425348238
0.0260992621532
0.0259556837679
0.00179311860442
-0.0371386977374
0.00152063513714
0.0108363261827
0.00408588512881
0.00304374248966
0.00519716802509
0.00601698004801
-0.0150801479499
-0.0222680531866
-0.00585534141436
0.00273341618786
0.00150694300758
-0.00135394452978
-0.0105420918806
-0.0175189207264
-0.017849181032
-0.0139581574197
0.00719062912417
0.0366983184084
0.0594035656608
0.0760629164179
0.0860179935467
0.0844859312451
0.0450599579963
0.00475640777663
0.0233224706531
0.0467475900151
0.0517576442853
0.031276361927
0.0187924032591
0.050261889428
0.0681002519617
0.0277800803249
0.0293494860657
0.0433770151614
0.0415803297671
0.0116359449498
-0.00610448858599
0.0158528540149
0.0670849022321
0.044180003661
0.0203146383884
0.0453327850357
0.036612281499
-0.00357485443666
-0.0228013170201
-0.00781149696229
0.0503726493465
0.0535879537764
-5.76356524918e-05
0.0313403909892
0.0233997247835
-0.0205420121639
-0.0331547363098
-0.00475072060787
0.0342267124988
0.0435465078893
-0.0215417798415
0.0288215067389
0.027560663594
-0.00524410350833
-0.0107392880965
0.0135528026469
0.0287623505411
0.0249280389696
-0.0381782490549
0.0262864052857
0.0405979157455
0.0147577758175
0.00626192900821
0.0226946419817
0.0148184017654
-0.0019115651633
-0.0449872908399
0.0352686607116
0.05082289525
0.0109411670024
0.00268854569395
0.00817122268755
-0.00600207406255
-0.0268428191925
-0.0490730258105
0.0337648587605
0.0413600660525
-0.00109472560293
-0.0188325370469
-0.0207060065705
-0.0323162780391
-0.0457007071885
-0.0480922884324
0.0307728162653
0.0322698506043
-0.0118654943551
-0.0306921153289
-0.0319694524705
-0.0441683399266
-0.0552753787043
-0.0402846975052
0.0208778554068
0.0244366817027
-0.0194119198188
-0.0357874484758
-0.0393850447076
-0.0504592081508
-0.058946624697
-0.0223821826564
0.0185767784146
0.0213270017792
-0.0225539270434
-0.037037183041
-0.0404679596488
-0.0469836415653
-0.0513747056153
-0.0062674941066
0.0206916978665
0.0232815348781
-0.0129744498124
-0.0295681436624
-0.0344233891325
-0.0378337611621
-0.0375965949483
0.00396345172886
0.0220875334655
0.0310294034547
-0.00398292358794
-0.0266825705729
-0.0317910854505
-0.0302219346555
-0.0251589807064
0.0127983639534
0.0207619117144
0.0319164109764
0.00169401600016
-0.0208455303608
-0.023721715617
-0.0238174255568
-0.0147257323303
0.0129080903379
0.0153769618753
0.0231522014739
-0.00562663094292
-0.0253098925858
-0.0253763794438
-0.0196869937664
-0.00889159218054
-0.00239768184656
0.000219229585013
0.00567866175204
0.00388035133938
0.0010970167381
-0.000436467387692
-0.00127673522534
-0.00385182256992
0.000682960715485
0.00866404554268
0.00862026522227
0.000337411064981
0.000605089704265
-5.35336352778e-06
-0.000289313681436
-0.00647444481056
0.00376204083985
0.0105352174058
0.000827701861023
-0.00431794698393
-0.00237138394943
-0.00291119169486
-0.00551002912153
-0.012238455288
0.00260131668943
0.00492751073527
-0.00480937927141
-0.00768586465585
-0.00415601715791
-0.00594893480233
-0.0123089825046
-0.0175931948143
-0.00776472142658
-0.00649823826496
-0.015484131551
-0.0147662999411
-0.00921877360302
-0.0150734441419
-0.020231402939
-0.022848334782
-0.0219706595189
-0.015083513699
-0.0183241241062
-0.0120621408263
-0.00950350095841
-0.0183423753574
-0.0216183552254
-0.0229082039451
-0.0403085922503
-0.0264573144779
-0.0202406584866
-0.0140917903379
-0.0126717620094
-0.0198837740163
-0.0224124056873
-0.022518113113
-0.0512117524764
-0.0291544786273
-0.0223273439447
-0.0207511923382
-0.0173087488014
-0.0172585387112
-0.0170700599537
-0.0196410765747
-0.054447685361
-0.0316995155249
-0.0267616249279
-0.0241884561625
-0.0214693348609
-0.011872235024
-0.0113147737274
-0.0208291218986
-0.0519661444325
-0.0336273845744
-0.026617709532
-0.0214473433407
-0.0186409180153
-0.0104586313771
-0.0117385964319
-0.0256367359235
-0.0454137675144
-0.034874999837
-0.0277410546571
-0.0227745396344
-0.0183251172446
-0.0104995406096
-0.0145044057693
-0.0271974720723
-0.0354907207592
-0.0304417949276
-0.0250209973705
-0.0235729681727
-0.0181619152333
-0.0117445553441
-0.0133780039734
-0.0188371054204
-0.0246659706646
-0.0240620475472
-0.0196318618662
-0.018271131931
-0.0147455439434
-0.0101371677051
-0.012146086647
-0.00718665370717
-0.0168217205048
-0.0174019733622
-0.0162814385686
-0.0141052381227
-0.011301589128
-0.00623505637833
-0.00538592848935
-0.00029666808067
-0.010156112801
-0.0121738646645
-0.0115081520518
-0.00996203307182
-0.00647018152622
-0.00704495294646
-0.00104592348253
0.00324035447074
-0.00620292089019
-0.00901769302041
-0.0104690024129
-0.0112399771118
-0.00912207865555
-0.00405062667002
0.00116985371238
0.000355366972585
0.000342530734416
-0.00401828084932
-0.0083184559566
-0.00724863259334
0.00385909209558
0.0175006781556
0.0300896434917
0.0288443146895
0.00424566415224
0.000607868294178
-0.00214443898738
0.00214061811227
0.0143950492556
0.019222359269
0.0181729789247
0.0203743686359
0.0216696132273
0.0114223896069
0.00554682896526
0.0102878819416
0.0209767750831
0.0244685982142
0.025064962915
0.026023703921
0.0402391706462
0.0181734284717
0.0179197926982
0.0220237412898
0.0329726223897
0.0310751851864
0.0288528776681
0.034835183393
0.0714185876034
0.0268928085533
0.0286151146562
0.0397921518888
0.043988753213
0.0365140062623
0.0321576583755
0.0440472960432
0.0892236674021
0.038642175119
0.0444919664393
0.0321659788998
0.0145781487543
-0.0068311232302
-0.0159699415093
-0.000245763219911
0.0919121987425
0.0634272793489
0.0493423888659
0.0120859961415
-0.022684872621
-0.0436943415792
-0.0550727308299
-0.0439333603174
0.078528805333
0.0921519135685
0.0485002143546
-0.0134815924167
-0.0477510988543
-0.0543641182238
-0.0595684713948
-0.0661615367256
0.0662078211696
0.108526308347
0.0513625657601
-0.0231873298895
-0.0516744736164
-0.0515276521554
-0.0574345720472
-0.0722767415018
0.0602872185352
0.0949205670315
0.0447240992474
-0.0232560187117
-0.0422341428603
-0.0446079556684
-0.0584768091415
-0.0780931545368
0.067127424557
0.0671620280281
0.0326054602696
-0.0232308091267
-0.0356572913985
-0.0444834141919
-0.0644560811886
-0.0843944819437
0.0701042617224
0.0555664102009
0.020319857567
-0.0295825585068
-0.0430226235748
-0.0473282131373
-0.0571513273593
-0.0716094941268
0.0571920548865
0.0318838020224
0.00754943072214
-0.0283519756124
-0.0381958242432
-0.0405668499053
-0.0436180837932
-0.0468552390226
0.0373327037747
0.0192852613727
0.00311644066974
-0.0241192450904
-0.0350560799788
-0.0338816196338
-0.0352168870941
-0.0322898722894
0.0207332182461
0.00993088460723
-0.00362561682905
-0.0190174189259
-0.0271441603313
-0.0255745593776
-0.0244698270028
-0.0185943968023
0.0099738063648
0.00248297726518
-0.0125935967975
-0.0233137861786
-0.0303416148995
-0.0242402169296
-0.0167449858515
-0.0106934524358
-0.00735347551241
-0.00831411759551
-0.0127388625117
-0.00643344998062
-0.00240105081918
0.00312181971445
0.00685018867122
0.00549679020332
-0.0065821233369
-0.00230112931487
0.00391793252171
0.0103166759862
0.00942697966289
0.00950449735383
0.00769843102451
0.00627711479361
-0.00181836156797
0.0153067061637
0.0227346363893
0.0208089560721
0.0155777011877
0.0141491016269
0.00665946108301
0.00685947733977
0.0164102166354
0.0314135506549
0.0267747659417
0.0155709194599
0.0119410005561
0.00681943263899
0.000101284810535
0.00388236903302
0.031231780954
0.0311839651205
0.0160786231786
0.000340879707054
-0.00967189094615
-0.0167983372558
-0.0216474837056
-0.0111879384389
0.0277660705746
0.0267333591837
0.00699309317433
-0.018046270997
-0.031629611155
-0.0356965299726
-0.0386825617737
-0.0339326692446
0.00100671601555
0.0240700041206
0.0301778544727
0.000426276790348
-0.0214333489051
-0.0296478203357
-0.0373009338509
-0.0417093582888
-0.0432274162167
-5.62580195002e-05
0.0343035163598
0.0356107805994
0.0202281144001
0.0145817470295
-0.00374230010759
-0.0248981203069
-0.0783284746338
-0.0351648389534
-0.0136785643279
-0.00353484456304
0.0225881821792
0.0446130463451
0.0442130335047
0.0170109298873
-0.0839846796493
-0.0532769579628
-0.0422678749033
-0.0363593645368
-0.0156424545755
0.0186044271799
0.0426561358444
0.0516256391986
-0.0693920222241
-0.0519867577793
-0.0446825101388
-0.042539997489
-0.0239999620752
0.0107054194558
0.0356010253071
0.0655372955843
-0.0329716805854
-0.0325784135227
-0.0271161404618
-0.0197721657161
-0.00176886622815
0.0190933195213
0.0358377940186
0.061033047156
0.000182389745157
0.000165170655751
0.0046008641202
0.00500133317583
0.0110386830981
0.0291192583519
0.0370637861567
0.0367539800271
0.00859847375595
0.00892115275445
0.011007883589
0.0113146430061
0.00869492459417
0.0210564657702
0.0184494746359
0.0115083503927
0.00764482775081
0.00638100992965
0.00718665237357
0.00449566668148
0.00206852424141
0.00529482017317
0.00482339934474
0.00265391873239
0.0112214919022
0.00772004566956
0.00490688261139
-0.00163856026818
-0.0101468288056
-0.0107405539312
-0.00669184105903
-0.0046912931732
-0.00207473741395
-0.00441283958468
-0.00902678287571
-0.00564419447617
-0.00213207769413
0.00242560380028
0.00155451177364
0.00249218005045
-0.0057176773514
-0.00564342157049
0.00194045267912
0.0130883145738
0.0157602812399
0.00854191915969
0.00399184585633
-0.00519678080358
-0.0126617921002
-0.0110910307627
0.00655233582391
0.0211810185585
0.0197439787618
0.0148028299171
0.00236770648921
-0.0137145838271
-0.0193771517683
-0.0159843158853
0.00389515187513
0.0210281289543
0.019738990472
0.0143411813378
-0.0038359178112
-0.019991231911
-0.0240933049428
-0.0175756663881
0.00497202438763
0.0266874525935
0.0165807652177
0.0150399160436
0.00015949692164
-0.0203774688773
-0.032967905492
-0.0248534637847
0.00372697271653
0.0402736747538
0.0401886860219
0.0203159116492
0.00466339468051
-0.0138132293783
-0.0294760839472
-0.00662455739647
0.0202350950048
0.0476055360317
0.0459596496542
0.0309078076864
0.0145356003228
-0.00230880882712
-0.0270159713578
-0.00254571515344
0.0234446585344
0.0510164249964
0.0462068905328
0.0369557693729
0.0127434618528
-0.0041440514249
-0.0319566912745
0.00707761921288
0.0294112518079
0.0495316649629
0.0520011341366
0.0375461821611
0.00856627289483
-0.0136311778979
-0.0545219656079
-0.0133888731577
0.0156129645958
0.0349442868621
0.0517317758598
0.0205934957427
-0.0161613022725
-0.0369775646148
-0.0640642165257
-0.0382288672024
-0.00955783120245
0.0248007621958
0.0402611363215
0.0108108190562
-0.0314640787716
-0.0516002709956
-0.0552924768261
-0.0422664635389
-0.0167779168215
0.0216120090577
0.0358525950624
0.0108598081549
-0.0250898253928
-0.0371156265828
-0.0415670697083
-0.0365569795526
-0.016119435176
0.0200184364114
0.035430552965
0.0177403394255
-0.0116740708995
-0.0178621111339
-0.0295625112043
-0.029457147806
-0.0136660652695
0.0198480503492
0.0314947144242
0.0234945472603
0.00129806472628
-0.00563597232609
-0.018147417649
-0.0216127295556
-0.0134951423064
0.0145292297313
0.0224280001011
0.0200706562706
0.00691011497974
0.00130267438337
-0.0101502160273
-0.0204135718069
-0.0193818127528
0.000549136673363
0.00579516192106
0.0166895324383
0.0135285461791
0.00520302692936
-0.00718847830294
-0.0128613157088
-0.0254141974065
-0.0339650630988
-0.0358327084551
-0.0269071709352
-0.0133469583925
-0.00348586646882
-0.0066162375694
-0.0157834142329
-0.0274551665063
-0.031985397105
-0.0343570201349
-0.0272049878954
-0.0134280632027
-0.000589203838374
0.0123786288592
-0.0175179475826
-0.0362169399244
-0.0438384835515
-0.0464508314506
-0.0339124979989
-0.0163373669561
0.0225745628111
0.0402800327521
-0.0258639955528
-0.0493574217353
-0.0588050201647
-0.0556796132573
-0.0358322102963
-0.0160027847781
0.0496739682021
0.0930426357983
-0.0377303754658
-0.0684522217418
-0.0781359648525
-0.0631694436046
-0.0288596305851
-0.00579064485275
0.0697873935306
0.122840003568
-0.0542510206845
-0.0718805011845
-0.0705674919644
-0.0476951151854
-0.00766279072261
0.011790949522
0.0884065048729
0.1253272399
-0.0603210640693
-0.069825045201
-0.0655433231298
-0.0281343684745
0.0140037028735
0.0310737959706
0.0854485381722
0.12203133975
-0.0485373604107
-0.0642149544421
-0.0619974095896
-0.0173902431122
0.036402667687
0.0508744800465
0.0747773154522
0.117012165833
-0.0259276973865
-0.0557407500316
-0.0411936098142
0.00877223199643
0.0630790044943
0.0715270803497
0.0613589459861
0.0977835036756
0.0119610419174
-0.0179050774607
-0.00368133325614
0.0358627178408
0.0742961045932
0.0914586785817
0.0568469669748
0.0660234157638
0.0410765781851
0.0325457142121
0.0346272290743
0.0370067114354
0.0544043265591
0.0820447510918
0.0521989552668
0.0311449929659
0.0380025132721
0.0421378742775
0.0341722867722
0.0267868103843
0.0307733784955
0.0476546609762
0.0338930488467
0.00496199159632
0.0254556817568
0.0283512907426
0.0162874685544
0.00570457385582
0.0127221921356
0.0158852594312
0.0153427718095
-0.0136710706741
0.000770711750386
0.00799488708234
0.00480535753823
-0.00602839635516
-0.00574015635889
-0.00627837260374
-0.00562542296978
-0.0154729233334
-0.0128498520199
-0.0122435665301
-0.0120230797248
-0.0175800649555
-0.0155428857271
-0.0138889181346
-0.0126845478282
-0.0123877795721
-0.017037246104
-0.019129163098
-0.0186932161099
-0.0223826247525
-0.0186731091179
-0.015244730022
-0.0103736113977
-0.00254920066381
-0.00967141738052
-0.0191631736583
-0.0252512901175
-0.026212114786
-0.0197092447406
-0.00943980235601
0.00704634224728
0.00096528835533
-0.0103608927344
-0.0179321453214
-0.0208047694572
-0.0221989734125
-0.0174592099715
-0.00864802195125
0.0176312896672
0.00641499540589
-0.0111567306214
-0.020797548484
-0.0256462095746
-0.0270410689699
-0.0224747553029
-0.00665540351494
0.0299796549523
0.00874373654986
-0.0144175478157
-0.0271788823527
-0.0332027091267
-0.0331066470505
-0.0250352518076
-0.00238488729214
0.0332913844113
0.0160072379596
-0.0180929774322
-0.0357592983774
-0.0434390798853
-0.0410877825761
-0.0309353539895
0.000819455076373
0.0297811822645
0.0136498971693
-0.0215635216619
-0.0377367509959
-0.0412484189614
-0.0400772778199
-0.0259149789114
0.00740099264436
0.0186703956859
0.000128059801062
-0.0119423419728
-0.0317261928419
-0.0410694663356
-0.0407675906624
-0.0192162352614
0.0108862198134
0.00484366869639
-0.0199168924169
-0.0017735836941
-0.0197114044244
-0.0414286935522
-0.0393639444084
-0.010265095778
0.0104749604127
-0.00263042957927
-0.0333607600788
-0.00306402591524
-0.00818234411847
-0.0326216842988
-0.0314370823605
-0.00537149286595
0.00491567591421
-0.0117963872091
-0.0395544986143
-0.00733230184118
-0.00281945721754
-0.0166463350816
-0.0166176864237
-0.0013646558645
0.000248286138712
-0.0203099818066
-0.038232659422
-0.015494557755
-0.000739468822864
-0.00137058216536
-0.00637421293574
0.00101091206234
-0.00421390912363
-0.02612756147
-0.0321860703065
-0.0166426911366
-0.00154393217118
0.00396710328472
0.00222668761447
0.00441258675926
-0.00695175319421
-0.0248524778043
-0.0226353683684
-0.0174891866619
-0.00457226003416
0.00147618827868
0.00145315906037
0.0029961211001
-0.00580402923622
-0.0174545510057
-0.0135890836049
-0.014178699385
-0.00722241876983
-0.00185615795802
0.000159693073746
0.00182362580033
-0.00395863006031
-0.011844160024
-0.00995487297793
-0.011898861846
-0.0106960342408
-0.00811388557523
-0.00607783696438
-0.00409558841273
-0.00447975945829
-0.00702769245654
-0.00738811615457
-0.0121281550357
-0.0168858019244
-0.0172044689354
-0.01612201018
-0.0114734238049
-0.00769604551106
-0.0055250274069
-0.00540694717429
-0.00950754128501
-0.0172948625089
-0.0231029358039
-0.0238640118588
-0.0188996986217
-0.012811187845
-0.00757255172265
-0.00844915014777
-0.0111775718821
-0.0163260590962
-0.0193544866096
-0.0202562230376
-0.017577349324
-0.0148195793902
-0.0112732628964
-0.013552677599
-0.0155649436012
-0.0203905152551
-0.0237068761152
-0.0250695974707
-0.0218640083075
-0.0191270991211
-0.0156032816492
-0.0183643507188
-0.0216308708396
-0.0266030183165
-0.0306735490881
-0.0312888255464
-0.026902493943
-0.0224233950341
-0.015655543683
-0.0189912912907
-0.0316517812822
-0.0370608191779
-0.0406650645885
-0.0407271324351
-0.0346978455126
-0.0249244205008
-3.3232825141e-05
-0.0112160096303
-0.0382672897268
-0.0404774879056
-0.0367304229706
-0.0370903927868
-0.0348099428954
-0.0226064215607
0.0215042617556
-0.00116382441955
-0.0396134574113
-0.0311015863288
-0.0174478856488
-0.0288701919
-0.0348947621737
-0.0211539058908
0.0332037943946
-0.000212859360766
-0.0325818819649
-0.0161283044766
-0.00040092300729
-0.0194435528347
-0.0290365260663
-0.0159249903619
0.0298025857191
-0.00333901236183
-0.0200590353005
0.00134312386952
0.00898554932337
-0.0071192948589
-0.013910186905
-0.00681016307832
0.0191070493599
-0.00710741735582
-0.000499320374256
0.0144934698513
0.00840137129881
0.00533750889329
0.00867937382997
0.00533691540604
0.00496547662111
-0.0162376111916
0.000633815599728
-0.00153760032051
-0.0117962851624
-0.00517263457459
0.00922288000171
-0.00124848497504
-0.0161786064158
-0.0242304979066
-0.0145772702648
-0.0220114113794
-0.0278284920682
-0.0243546135612
-0.0116587348588
-0.0147383750145
-0.0239451495458
-0.0261874161147
-0.0238732258618
-0.0273642840844
-0.0300559890085
-0.0284192294508
-0.0218978819097
-0.0219327855887
-0.0219147828102
-0.019517566881
-0.0212837296305
-0.0249545543375
-0.0268902829233
-0.0275944760518
-0.0219382557163
-0.0184808766679
-0.0154653757231
-0.0121087306182
-0.0164160905279
-0.0199593925044
-0.0215904433052
-0.023851651512
-0.0189795411285
-0.0143638891431
-0.00906665538967
-0.00758590831367
-0.013406126206
-0.0189813832385
-0.0221258089214
-0.024891170098
-0.0192180507267
-0.0112000480543
-0.00565149936978
-0.00443647069188
-0.00889868539168
-0.017438786155
-0.0232918993413
-0.0239069179242
-0.0184132277049
-0.0109070999315
-0.00500097328987
-0.00464742498514
-0.0103045712829
-0.0158258199081
-0.0183193927679
-0.018724605118
-0.014815580351
-0.0105255569433
-0.00676342767806
-0.00459333284089
-0.0113013415918
-0.0173612323228
-0.0211969886445
-0.0215388992465
-0.0147490733358
-0.00879647150091
-0.00577181538744
-0.00562986953688
-0.00998677178565
-0.0201898558226
-0.0249448218491
-0.0244396460216
-0.0112091603843
-0.00368908101715
-0.0065079655347
-0.0103492986425
-0.00995397815288
-0.0221240751224
-0.0287238259475
-0.0223138949187
-0.00670275535122
-0.00280894175295
-0.0144521482353
-0.0238356869482
-0.0115187749556
-0.0158609744281
-0.0211570444685
-0.0111645056887
-0.00557317792802
-0.0148888585737
-0.0257028168646
-0.0447024968985
-0.0177696454259
-0.00546979152594
-0.00676919129773
-0.00627706431689
-0.0123365104307
-0.025012823756
-0.030370041733
-0.0584219788204
-0.0272019810236
-0.00185485894524
0.000159982251611
-0.00864518511083
-0.0174120792834
-0.0257012880616
-0.0287511830458
-0.0598212297201
-0.0246264754138
-0.00215499762846
-0.000729368112061
-0.00882079551096
-0.0126685920738
-0.0215864581888
-0.0296743683866
-0.0501190307116
-0.0157527461124
-0.00183266815198
-0.0124880661341
-0.00802384398381
-0.000117489154131
-0.0137190174403
-0.0283920604664
-0.0296540224275
-0.00920445805548
-0.0128945201868
-0.0264689640301
-0.0217673010419
-0.00583637538618
-0.00772743229616
-0.0200281934561
-0.0141830091234
-0.0132762033357
-0.0241921523474
-0.0322808093934
-0.0287546012372
-0.0166350454587
-0.0123139964764
-0.0153345795298
-0.00527416249244
-0.0148865467118
-0.0242716397325
-0.0283198035283
-0.0292155748632
-0.0190584153925
-0.0143044922467
-0.0128085831743
-0.005428868723
-0.0155809402699
-0.0222586357995
-0.0245788970315
-0.0267108659699
-0.0194953605647
-0.0126907505213
-0.00870375238405
-0.00758113266559
-0.0138155385397
-0.0183844847686
-0.0200481200679
-0.0231188596959
-0.0180169814191
-0.0126326202489
-0.00590344169296
-0.00532832514952
-0.0122493979451
-0.0186327346287
-0.0216200461955
-0.0252004820405
-0.019491108099
-0.0108373002068
-0.00526938810838
0.0199021329851
0.0194073507513
-0.000778197867718
-0.0215406910522
-0.0236408852478
-0.00834938836118
0.0182633661295
0.02701574688
0.0243142783296
0.0333287759432
0.0162424651003
-0.00895536736637
-0.00783585475815
0.0100199546655
0.0272384424225
0.0368101197989
0.0173505913028
0.0270618137731
0.0248183102987
0.00207052041888
-0.00405052047906
0.0185055137824
0.0368301284396
0.0333891391942
0.00927860684566
0.0133833670223
0.0177351100219
0.0164225637189
0.00966278728688
0.0308858919341
0.0427428204449
0.0183237846496
-0.0104082123604
-0.00594032211881
0.00598221753995
0.00945524833767
0.014256940861
0.041096910175
0.0350548010349
-0.00067280773982
-0.0342731890084
-0.0205563572736
-0.00278163929503
0.00530193990739
0.0197070885662
0.0436517503401
0.0182759789423
-0.00708895490293
-0.0582365084484
-0.0390983222671
-0.0163167718706
-0.00071636339178
0.0244354102681
0.0329962714951
0.01036496578
-0.00658748103821
-0.0715312251717
-0.0450769344158
-0.0273929279621
-0.00599378502836
0.015672664987
0.00834983718914
0.0047540757435
-0.0102395658158
-0.0746215751206
-0.0451502575374
-0.0240660189936
-0.006874604465
-0.000753253265563
-0.00119390579572
-0.00391104142986
-0.0143689107192
-0.0689973398606
-0.0398476120052
-0.00839431740114
-0.00422153997738
-0.00929031816475
-0.0119126696985
-0.00862354711805
-0.0175006696651
-0.0544168100453
-0.0241749259972
-0.0020322113696
-0.0142620917741
-0.0146329654777
-0.0156282892903
-0.0133858362984
-0.0212972944963
-0.0341529311346
-0.0110707914278
-0.00581886054477
-0.0177346616933
-0.0170663744599
-0.0158769260158
-0.0118153413642
-0.016234333091
-0.00214067575025
0.00353969303465
-0.00505940280483
-0.0131326016096
-0.015929844806
-0.0111299657307
-0.00595620828012
-0.00751155207681
0.014058006445
0.00769122027867
0.00199373206301
-0.00637274833665
-0.0114540399873
-0.00665125997765
-0.00296629397607
-0.00282582344757
0.019191091466
0.0102252054084
0.00445058095688
-0.00354480563024
-0.00641063857653
-0.00593271570259
-0.00246344053185
-8.80593950472e-05
0.0180359746151
0.0153000316757
0.00886754203193
0.00161952898603
-0.00497774399481
-0.00463192555817
0.0015078140182
0.000238865852338
-0.00445020784611
-0.00835755281609
-0.0184882142165
-0.0251604953702
-0.0269217002032
-0.0225238164582
-0.01671796244
-0.00939648627592
-0.00511398133612
-0.00791702035327
-0.015243546043
-0.017947621815
-0.0176169994539
-0.0148122039937
-0.0152893234612
-0.0114113126526
-0.00443794264885
-0.00089827626172
-0.00447264855472
-0.00823561737343
-0.00835967164087
-0.00916739151452
-0.0125419697094
-0.0124994573664
0.00513893477718
0.00801672504407
0.00243305196322
-0.00441972167592
-0.0016117374645
-0.00282304397601
-0.00640582314091
-0.0128183327834
0.0227138472962
0.0217961678101
0.0144702441931
0.00784050893793
0.0100098967988
0.0137706383381
-0.00111424935986
-0.0150330654785
-0.0100851548598
-0.0142679983439
-0.0162839314168
-0.00457277066401
0.00865446408133
0.0283396892029
0.000759112466253
-0.0204009525262
-0.0490311088523
-0.034490797665
-0.0228944944113
0.00126332024447
0.0348917771281
0.0367933390555
-0.0035997604656
-0.022093844428
-0.050881660058
-0.0192689256278
0.0045566178522
0.0294112361537
0.0405311047951
0.0217188668902
-0.00587085577902
-0.0227943002533
-0.0613582703663
-0.0195104387063
0.0205982354595
0.0345114569398
0.00929497095964
-0.0108323368239
-0.0218281795749
-0.0315127414261
-0.0652745279789
-0.00928587540068
0.0334830751109
0.0166421988971
-0.0149595440496
-0.0188902244317
-0.0219153343697
-0.0272356504824
-0.042609756154
0.00692597095179
0.0291660625564
0.0118790145796
-0.00572966299242
-0.00255331129714
-0.00521300624118
-0.00513827230177
-0.0240260680782
0.0021774913078
0.020309430016
0.0123497283651
0.0129563768959
0.0159286907714
0.0166830840862
0.0142033678049
-0.0134511310954
-0.00603482616926
-0.00280392256791
-0.00896292435449
-0.00543831962835
0.00472512812902
0.00574616403533
0.00220192722307
-0.0125561355628
-0.011572338345
-0.00965324549157
-0.0103088972595
-0.012186323048
-0.00466486422196
-0.00628059984318
-0.00851776559977
-0.0108888819516
-0.0143577027455
-0.0166797966031
-0.0201348307365
-0.0244140381136
-0.0176757687516
-0.015074746852
-0.00835958038939
-0.00873961272938
-0.0153854678116
-0.0207585208683
-0.0235673322914
-0.0267367818694
-0.0198733794111
-0.0119601312204
-0.00463929057445
-0.0353318292882
-0.0142521248996
0.0444196812114
-0.0150988354261
-0.0274596281884
-0.0112771698165
-0.0197513328677
0.010996233705
0.0221297958206
-0.00774898866344
0.00904804597845
0.000269020671079
0.0180021711452
-0.0295510719133
-0.0176285891053
0.00943498358075
-0.00909361752002
0.0588265192769
-0.013747361948
0.00980841585748
-0.00395581126951
-0.0101837309159
0.0112612677379
-0.00903283540106
-0.0119100900511
0.00391808148192
0.087408139084
0.0155424184779
-0.00722956676731
-0.00645666412613
-0.0183236487215
-0.00474200610383
-0.00864063502972
-0.00472340782207
-0.00901122446552
-0.00325266148133
-0.00502872493815
-0.00815069535129
0.0140154526173
-0.0179746202171
0.00660775364465
-0.00639310267463
-0.00383195960445
0.00798013374967
-0.00590734045139
-0.00667449778479
-0.00951768490411
-0.00428577607797
-0.00410614463119
-0.00379980972587
-0.00504634514653
-0.00527999408951
0.0406332865064
-0.0069073484024
0.00612578912238
-0.00733260308732
0.0533225331975
-0.00543528074353
-0.0097841573905
-0.00534745500552
0.0516509723332
-0.00371462207123
-0.00571809408107
0.0103844557404
-0.00786625840314
0.0212779126558
-0.0168266604414
-0.00736537090717
-0.00437420373425
-0.0097538070142
-0.00666832533832
-0.0075897042918
-0.0105946981604
-0.00487067628012
-0.00464887809639
-0.00432229392127
-0.00575415563658
-0.00598098617337
0.00530922037806
-0.00658484593109
-0.00780801607238
0.0136971282341
0.0721941516738
-0.00515204417653
-0.00939942664167
-0.00508711273524
0.0109583500476
-0.00352092859906
-0.00543438475804
-0.00888283505405
-0.00764220512621
0.034163904175
-0.0161444951472
-0.00696776522682
-0.00414608438895
-0.00924812984406
-0.00637445998873
-0.00725443413707
-0.0102157756042
-0.00464026455004
-0.00443803860912
-0.00412057691921
-0.00550767119771
-0.00573207651607
-0.0425647806029
-0.0172717371279
4.41044675585e-05
0.00231922165557
-0.0352245284561
0.0034394207384
-0.0120471498196
-0.00115161597217
-0.00819247387113
0.00642371152559
0.0242243259213
0.0830853225852
0.00947787426814
0.000663662842236
-0.041629794711
-0.000357762998123
-0.0110777417327
-0.00355563854437
-0.00560194182964
0.0426345340751
-0.0154260305041
0.0304571695065
-0.011798204002
-0.0109832513075
-0.014583443378
-1.3215419926e-06
0.00516853790835
-0.00484026583394
-0.00563983729089
-0.00514271649597
-0.0143310944398
0.0165095555194
-0.00682721732501
-0.0037295070161
0.0247605166435
-0.00258075159845
-0.00397645620661
-0.00659370691409
0.00573879668922
-0.0139144767461
-0.0115386956416
-0.00507396180802
-0.00303999484003
-0.00664124439064
0.00981177740468
0.00943407059251
0.0127619113803
-0.0033919750132
-0.00324657732043
-0.00301317621473
-0.0040144157471
-0.00418974471408
-0.0226720179552
-0.0090499802023
-0.0106991140698
0.00274790108635
-0.0269191373183
-0.00705086254499
0.00810704704435
-0.00698256896877
0.00120917970957
-0.00485667717411
-0.00742920991279
-0.012206565048
-0.0106537614442
0.212041173075
-0.00588170780581
-0.0095032318108
-0.00571718264059
-0.0126362923022
-0.00882256718744
-0.00989003874063
0.00700038993774
-0.00638129003852
-0.00612429134748
-0.00566091998806
-0.00755293094891
-0.00783530817398
-0.0118655373351
-0.00472317717351
0.0126633454147
-0.0049867698583
-0.0141194429209
-0.00367221103398
0.00808779617517
-0.00364401130179
-0.00702417663644
-0.00251679345925
-0.00388451190766
-0.00635184654218
-0.00541619972502
-0.0136326625363
-0.0114181373229
0.0300735721804
-0.00296416925213
-0.00651994210397
0.0177441590608
0.00727456597166
-0.00729625373511
-0.00331214694403
-0.00317045820505
-0.0029381070698
-0.00390308816279
-0.00408281604062
-0.0240125233689
0.00450492039362
0.00784101252424
0.0287262442552
-0.0278078863324
0.0245225473671
0.00722190340936
0.0106880706873
0.00527067677189
-0.00513551478619
0.0312792303296
0.0721469335234
-0.00310861855946
0.0286898725768
-0.00119800133735
-0.0100948430878
-0.00607002119922
0.0535017316919
-0.00943010884804
0.0963253745183
0.0234550808539
0.0140450678048
-0.00644237745256
0.0133716544221
-0.0080474716908
0.0265111243124
-0.00823804471903
-0.00331700182882
-0.00386511506428
-0.00351305314361
0.00201206700108
-0.00257862736273
-0.00466747768242
-0.00255543688072
-0.00498728049613
-0.00176801916727
-0.00272299553743
-0.00450934058531
-0.00377447585955
-0.00954903190008
0.00792948637913
-0.00345405555456
-0.00208159656692
-0.00453883143464
-0.00318892001982
-0.00363545033095
-0.00510653145749
-0.00232368578805
-0.00222369127045
-0.00206216787465
-0.00274182845542
-0.00286628489873
0.00835057587556
-0.00502209404901
0.0255997243074
-0.00531677165184
0.00270597345969
-0.00391350115525
-0.00706747383478
-0.00387769648417
-0.0074930378622
-0.00267961243479
-0.00413705570446
-0.00677866377597
-0.00576482926053
-0.0144336488204
0.00425795710569
-0.00527443640173
-0.00315600516176
0.0141366896019
-0.00483978381604
-0.00550949286421
-0.00775022128854
-0.00352574461551
-0.00337408740384
-0.00312915655285
-0.00415973282603
-0.00434972683966
0.067526870537
0.0603456416036
0.00960764668771
-0.00926289834292
-0.0126506353427
-0.00672247587307
0.00594953341099
-0.00669825635632
0.0223252723343
-0.00459722943323
-0.00710413715125
0.0314175129077
-0.00969098810491
-0.0242566962086
-0.000262692744834
0.0117501237911
-0.00542904675603
-0.0116464374316
0.0123444510146
-0.00951700425673
0.0371498211561
-0.00603202511814
0.00667334252831
-0.0053636883434
0.0107191489521
0.0101222652905
-0.0167936262407
-0.0066600377539
-0.00803270132832
-0.00705319194138
0.00943457229734
-0.00524108321646
-0.00926824695751
-0.00519976658142
-0.00987077650979
-0.00361651977345
-0.00555111043868
-0.00890252169234
0.0106443797659
-0.0195501931122
0.0662345019111
-0.00700891348685
-0.00424139513347
0.0214628467359
-0.00643172926528
-0.0073228153743
0.0112957298984
-0.00476632298835
-0.00457614004421
-0.0042107532838
0.00688825652439
-0.00581052348271
0.0329800858532
-0.0160972064625
-0.0197170538666
-0.0171300538401
0.0237791067222
-0.0128568846718
-0.022404848616
-0.0126625684441
0.21817136073
-0.0089339336323
-0.00118560347586
-0.00687430778879
-0.0186999196012
-0.0278216564729
0.0481853029378
-0.0171292111012
-0.0104374453254
-0.00430074105319
-0.0155968538283
-0.0177163161942
0.0281075047284
-0.0116629605022
-0.011172615161
-0.0103098763438
-0.0135257768921
-0.0140716879425
-0.0328805228769
0.00253000081042
0.0407161062751
0.00736500663291
-0.0248361742322
0.0146282700157
-0.00147102110591
0.00709807358873
0.0242193976217
-0.00751803885962
-0.0114801311435
0.0192574875153
-0.0155591234526
-0.00977421847974
-0.019029576855
0.00630615174784
-0.008832634893
0.0552068945177
-0.013366496101
-0.0150208840838
-0.02118926934
-0.00982942053936
0.0116686239668
-0.00870026501995
-0.0115720986535
-0.0118979645837
0.000540929703218
-0.00644881976332
-0.00757908777341
-0.00690227877883
-0.0194677120075
-0.00507873878619
-0.00919625434441
-0.0049880684057
-0.009708388398
-0.00346178427923
-0.00533219439185
-0.00881353241599
0.081222653125
-0.0192404593066
0.00208758251228
0.0112947321128
-0.00408026034781
-0.00900549098895
-0.00626439844062
-0.0071633083651
-0.00998940799567
-0.00455218889686
-0.00436669803178
0.0144887743401
-0.00541146822361
-0.00563042585358
-0.00971522803599
-0.0039114436754
-0.00455693121731
-0.00413683752435
-0.000325549217279
-0.00303975798808
-0.00550815054122
-0.00301290896206
-0.00587927598531
-0.00208462245232
-0.00320962703159
-0.0053154307125
-0.00445844466199
0.0108463973011
-0.00934685900643
-0.00407386803953
-0.00245477834437
-0.00535007726308
0.0147806744015
-0.00428483936236
-0.00602364448462
-0.00273887865853
-0.00262167662214
-0.00243123826712
-0.00323261268686
-0.00337887984333
0.027406890638
0.0129474115178
-0.00974332500689
-0.00868024655411
0.0637375681261
-0.00642184636519
0.00544250196305
-0.00629904480931
-0.0122710235091
-0.00437647124369
-0.00674874556454
-0.011095547455
-0.00947473120964
-0.0233613598477
0.0423733349388
0.0307282344011
-0.00515410087345
0.00946060843805
-0.00786751868778
0.00628285709305
0.00842001375198
-0.00575187906304
-0.00549874986397
-0.00510898577098
-0.00681565454124
-0.00708321754964
-0.0148590218811
-0.00594216467057
-0.00699526309096
-0.00627547407171
0.0243228250458
-0.00462161682767
-0.0083848382693
-0.00458883207331
0.0317982397269
-0.00317776963888
-0.00488610167316
-0.00799505999287
-0.00684341024562
0.0369468311454
-0.0144388570985
-0.00620025712947
-0.00373965127014
-0.00819472580356
0.0156519926438
-0.0064945460844
0.0403104180239
-0.00417919285716
-0.00400203950094
-0.0037040646377
-0.00491571436594
-0.00513728963617
0.067892953579
-0.0068084487275
0.0264027980446
-0.00721633024129
0.00924382851239
-0.00529580293153
-0.00956253525689
0.00950587664267
0.0119791102707
-0.00363100366645
-0.00559429296659
-0.00921941937285
-0.0077970565223
0.0353623700171
-0.0161900007385
-0.00709505445653
-0.00427518703393
0.00191560656807
0.0223328773702
0.000324468369204
-0.0104992104372
-0.00477261515876
-0.00457072206203
-0.00423988497045
-0.00563747076515
-0.00589670015183
-0.0217580760147
0.0119375232917
-0.0106572278156
0.0059541795893
-0.0265355806087
0.00786452779537
-0.01256462952
-0.00682139901455
-0.0130363168633
0.00714745495448
-0.00727184523928
-0.0117352529451
-0.0100832786426
-0.00420907137439
0.0513079083227
-0.00929522962404
0.04650313887
-0.012380387327
-0.00851717547649
-0.00957108323193
-0.013820462082
0.00908443394336
-0.00594762441975
-0.00548982684034
-0.00730040216116
-0.00758426023306
-0.0106711435862
-0.0042774762328
-0.00503318792713
-0.00453593336452
0.00790208732167
-0.00333489832535
-0.00602961868911
-0.00330397968775
0.00602877076664
-0.00228726628092
-0.0035232862383
-0.0057838190779
-0.00490791046093
0.00280526152944
0.00827328942779
-0.00447968941197
-0.00269224178591
-0.00590602108006
-0.00412414285869
-0.00469281915699
0.00521846113462
0.0178678313998
-0.00288034149471
-0.00266799187137
-0.00354555451125
-0.00370458369088
-0.0101336217841
-0.00406687462023
-0.00478890733068
-0.00430200901659
-0.0121164360926
-0.00317107755918
-0.00570450768985
-0.00314344758542
-0.00608519888599
-0.00217681036056
-0.00335133599879
-0.00549389927637
-0.00465882209167
0.00926703821755
0.0245966224468
-0.00425086102294
-0.00256054950113
-0.00561004267
-0.00391311965032
-0.00445633492527
-0.00630560566271
-0.00286432237941
-0.00274246752538
-0.00253778400423
-0.00336565791206
-0.0035202413957
0.00973421374513
-0.00383060435867
-0.00448279123914
-0.0040634610445
0.0276949763288
-0.00298856782941
-0.00537906912412
-0.0029583838224
-0.00575762126587
-0.00204851376695
-0.00315499828608
-0.005205862674
-0.00438787918052
-0.0110274945004
-0.00920523319934
-0.00400765916436
-0.00241094105305
-0.00526954485675
-0.00368863426896
-0.00421097421783
-0.00590948258866
-0.00269237184417
-0.00257796933479
-0.00239075650323
-0.00317608880041
-0.00332257415758
-0.012979411652
-0.00518668741508
-0.00607084909707
-0.00553689662062
-0.0154699313242
-0.00405888629603
-0.00735557096663
0.0130873360046
-0.00782842344796
-0.00277884520611
-0.00427237387052
0.0994350166585
-0.00598727022688
-0.0153465643787
-0.0124846488674
-0.00545659140865
-0.00327211704348
-0.00716281730948
-0.00501527682545
0.00873938904274
-0.00800064287864
-0.00364866742974
-0.0034937605669
-0.00324457955576
-0.004327195289
-0.00451038181551
-0.013345514573
-0.00533699205229
-0.00624360757816
-0.00566159324386
-0.0158936199162
-0.00416747830266
-0.00748530880591
-0.00412508118048
0.0586115469943
-0.00285775691409
-0.00439933394163
-0.00725907060537
-0.0061268952453
-0.015370514736
-0.0127516643541
-0.00558610871985
-0.0033632273643
-0.00733785709115
-0.00514600116892
-0.00587409730997
0.0307118648652
-0.00375389651879
-0.00359488177654
-0.0033359471794
-0.00443076088406
0.0509427915626
