-0.4605938523250199
-0.42889041917211507
0.06825951967014905
-0.10217724706104632
-0.09037783538394557
0.06813705108150907
-0.08089783220729324
-0.02569689413547671
-0.1126235049939552
0.12506947666445584
0.43110039019700436
0.11509963592446301
0.09225890510986672
0.1942516391198349
0.302248252498668
-0.20280945624169067
-0.7222709889185861
0.13459965147074918
-0.33643841341167713
0.01733944491040093
0.22988323033354668
0.09423462280734732
0.03327071250255716
-0.17614507972322124
-0.5092464383559842
0.16124117997482137
0.13810964529088568
0.22996173069032055
-0.11761414485078402
0.05535335692108623
-0.15098689300017726
-0.004235649017210262
-0.7054128106960744
0.1845784764213397
0.006850208924263372
0.06800541016639482
0.24480875495544666
-0.18405165566694168
-0.015633944973705217
-0.009328805149012177
-0.5608910914052565
0.04335405009711694
0.15171682986300566
0.2835852583594652
0.0717581386942198
0.013698909748970256
0.02556743130564884
-0.17473985904939968
-0.3588303764259549
-0.18321550698762493
-0.034492493978404856
0.224702902218014
0.011461038311096254
0.08883906789729545
0.13569710684643654
0.1306222385825202
0.38296396062983395
-0.26986985948612124
-0.13642752152399334
-0.03593275141506232
0.2220283194281511
0.41978908530109016
0.3798460363950937
0.17274481202153036
1.0354682967222262
-0.05985571207739078
-0.12435712669215887
0.2512908450186999
0.33410245015483214
0.3234883744140587
0.62032561879603
-0.0013162969475658069
1.0230092531661938
0.15143858288127723
0.3419270894468887
-0.02127391942486282
0.31898896165731
0.5831525423799818
0.30557955238311735
0.2221695228651656
0.23453915645703255
0.16926362001949777
0.09696877684615096
0.09803944154323362
-0.05849742779924251
0.15282542261267698
0.06136799979276181
0.39460323141606835
0.1215995733221093
0.02083943881613036
-0.12988645911291202
-0.03937304144766301
-0.0897502864695898
-0.15645271834766006
0.11175787478936602
0.673269976733584
0.08883477207481738
-0.32153464773482704
0.03198323489531245
-0.10913778336162482
-0.08508111622349972
-0.10564642731968094
0.06828605853728234
0.6485311032571951
0.5601443251531674
-0.047848352399329296
-0.2501422259659966
-0.05566540876023186
-0.10621961467715413
-0.3064911968316547
-0.031953859899129335
0.4540053260716694
0.1745900735984459
-0.28065424403976236
-0.26362200783931145
0.08793256838898066
-0.4290335661972586
0.23131023071598014
-0.4018878688791578
-0.11133782037655673
-0.1267475511796546
-0.0013064819370714673
-0.8526086599363509
-0.4130691260403607
0.19339555129925104
-0.02143284258275064
-0.10229651926022733
-0.390968675852879
0.5131830671262303
0.24504884236046745
-0.17873893137818359
-0.7202430182897417
-0.6407258547789274
-1.265272142970698
-1.1284432427786844
-0.9545359863600265
0.07515549304992693
-0.12357202098243272
-0.4426237302661408
0.1408723433658425
-0.10745073686537199
-0.4611144842569165
-0.404639538836187
-0.5476872912724867
-0.0008883036848691558
0.0991580410295335
-0.09274560575848269
-0.26035504815367866
0.07566924933106506
-0.613103678329131
-1.1218059328290702
-0.7403986289326876
0.6136672005343373
-0.1871254667163204
-0.12931891421226124
-0.09417227803101798
-0.1957537840852877
0.0937609060867183
-0.011800492036780193
0.37987823782201613
0.2622056893810314
0.009976657473100944
-0.06521464785740115
-0.1989933792686347
-0.2036126035153906
-0.2675439017121662
-0.10210521540717143
-0.07211353875048895
0.012520043432139135
-0.2538113130251294
-0.4931253673159988
-0.05500749174203781
-0.24952873371731962
0.10083850269033745
-0.6713208243941737
-0.5276258842493721
-0.5660351290022595
-0.2174109022828938
0.1614415216426076
-0.17395638071299444
0.25661959092075787
-0.05249625625701906
-0.012366136226184769
-0.8254113350309211
-0.09560041841824568
0.1232506849780637
0.10848980734542571
0.03817633783495037
-0.3328836133063335
0.13626724983597213
0.2033827216400366
-0.4684951194729147
-0.32613800404457277
-0.18273137817259383
0.02052215073103173
0.31844919413822065
0.050269537559322834
0.08336512577130219
-0.07019613937559768
-0.039421034374858166
-0.6566763288914474
0.19029878413103007
0.1855471198485626
0.06068893763970115
0.22876135814865595
0.13379202700989715
-0.06832010092634438
0.5098860982977299
-0.023248819273677914
-0.010851478881675806
0.37501080809892395
0.0717074772480978
-0.15979887746442628
-0.17600295288395762
0.17465490523903077
0.5074399474779405
-0.2613738691747852
0.04763459698890028
0.20860217033698106
0.1739396861132732
0.21533575453284728
0.3467767838417427
0.05303277259409786
0.43158898096963516
-0.05347914163690269
0.24867064795391963
0.2742722082443205
0.39750435398208217
-0.017936730947183524
0.009021433570711675
0.14475341719478085
0.5007897288859385
0.2771053267331452
0.6834858893898837
0.486883380853233
-0.152515609259777
0.19033106227556937
0.016533922360330584
0.14912009348715094
0.10724838225125631
0.7269813569657825
0.30286756387391844
0.7990620087551727
0.02898209841238552
-0.002640695607375703
0.14473720119610675
0.3616036422627018
-0.4002422904629581
0.6214932762785058
1.246066986236357
1.0743260808087864
0.20607951034168484
0.34317899084994485
0.20582013616601236
0.24849792110206365
-0.3387424106074464
-0.445493565367263
-0.22000533464257427
-0.15610973226441907
0.03313582563445753
0.3076612136147224
0.3040648464361138
0.40654705440428845
-0.23257951737115762
-0.20761966298712553
-0.05645723041719099
0.03144708014726125
0.06351291318764062
0.2504611339490699
0.19575731203835822
-0.01918654088919001
-0.2318584155308247
-0.6099261835974038
-0.25407370291663384
-0.024994572622915434
0.3657788721515124
0.41608657807636623
0.11941691252746549
0.03572910874714056
0.021779150003182486
-0.17932764881283242
0.2659943698607921
0.3209844877766015
-0.08934651946514688
0.12497105181704551
-0.11366835950501754
-0.14143413039714164
-0.038965615287306604
-0.2306743221240357
0.05750787854057229
0.4866128403659432
0.02011048740468721
0.11949668723998547
-0.06124844130663884
0.11618492829641625
-0.03880522584542945
-0.11127625773092746
0.3189745485563917
0.61686656679582
0.170632615816878
0.06822954641836063
-0.18637086119436205
-0.2771009948969433
-0.2930446033244312
0.017306690599049164
-0.14211845847227045
0.2593283247409808
-0.2702831593761787
-0.37951562950520473
-0.148742780087161
-0.400507764672496
-0.12687600439983518
0.5976315481036555
-0.19989476012398674
-0.6867747064048142
-0.9159232495571499
-0.13736711409700786
-0.5703576554493869
0.16704742830256472
-0.5034632330232652
1.1385844820369981
0.12884871443206564
-1.9642113363264295
-0.5552741198113904
-0.694451397356143
-0.45204622961941443
0.07736152045920279
-0.3764771679205947
1.8783590045811431
0.32843533469684355
-0.5181457592927843
-0.40474064964748985
-0.4976005351773779
-0.5439399383165824
-0.1560256717272955
-0.32670308255765235
0.336596190233501
0.521297508880806
-0.037471041784187635
0.19797649656034869
-0.1992192552154662
-0.09948629899738617
-0.3817657996465931
-0.19385105320341522
0.15735008858128074
-0.27309843045644977
0.1358902238631732
0.3425050267038958
-0.14554804260163365
0.1145587722451038
-0.27943442240149563
-0.5868978601006838
-0.4639811959351913
0.11534505837056355
-0.04633068329590352
0.08033955077391793
0.2660322495066161
0.3269210413837772
-0.2554032175792404
-0.8622981073299156
-0.09105792866040703
0.004106123168156011
0.29838864015966754
0.13960177231276527
-0.16775551150204265
0.2970356160356543
0.07991351736080124
-0.2863850195668201
-0.06580257428172161
0.030403339560020216
0.26139166870556474
-0.10289006911647074
0.22142850118832214
0.003968871950374369
-0.01224269439109277
-0.02954871531963981
-0.6653807526955834
-0.07986846184206711
-0.0968687490217762
0.34205964624212637
0.041140511992865315
0.6371942135450651
0.1910563077170482
-0.034786971848926145
-0.11330151896048724
0.08630327152400372
-0.491984489008916
-0.3519840065180834
-0.09853086189033487
-0.181602719926888
-0.47005797406507255
-0.20511796015104747
-0.3192440309772518
-0.0788166917076582
-0.1271907243338892
-0.24106703449072914
-0.3590369910814707
0.1232966190480598
-0.2873218897610521
-0.2520823124155657
0.29921162635397097
-0.04091794143282398
0.22920817828840023
-0.09528803999015634
-0.233013038854616
-0.15299390025469684
-0.1954676100195409
-0.5670118159911762
-0.3521189871934178
-0.4286071244982752
-0.13304259984554595
0.2958753853450449
-0.1543408717635082
-0.24950250061068605
-0.10634471245453585
-0.1972941313273267
-0.31178270036181416
-0.43561614974015456
-0.7960415089299924
-0.049821180725645335
0.2328850353052974
0.08061374140646281
-0.01594952813473886
0.04910134119312618
-0.7564384273092504
-0.04129343810054765
-0.5543805586191365
-0.011623942204762969
-0.34783457693666253
0.26519762462732815
0.13790759094048846
0.24956382840978847
-1.0173862396712905
-0.40476413470978967
-0.14408838369197308
-0.08340545484737219
-0.0638621763019244
-0.012416796363624479
0.35544116688121297
0.11724690686890105
-1.135265285823069
-0.45233596632696244
-0.5964868846066826
0.21333444735498486
-0.0027396139235074564
0.3741602739774375
-0.1332496987868291
-0.093641521411471
-0.4094307446822071
-0.17889674479687845
-0.16590622649114978
0.13529309114102447
0.0033680519414704783
0.2971473457834535
-0.3977695065475165
-0.05056780131534791
0.11388188287460384
0.29044770967185735
-0.1592710695372671
0.17713968977035494
0.3247195628227363
-0.030272898155290634
0.23912962223071726
0.004143122716503525
0.3189121937802746
0.05722418893944897
-0.20810746959303425
-0.08062910632397767
0.38622150352406676
0.3662714217661338
0.10626660819157355
0.29013269348617243
0.5767742298930929
0.5050008950211383
0.019668651702061075
0.22429356508736556
0.037855910573684495
0.7642937736820393
0.13383068603316323
0.22755314493794912
0.22060838524247112
0.5152165604211304
0.297675853235287
0.18726295594331668
-0.18342900009525787
0.2637835093638825
0.22072192643594193
0.3044185793148264
0.7392470269652801
0.5311701165350097
0.4742138426716188
-0.04053940088330688
0.10972157787670184
0.4291113377529189
0.05907679457005483
0.7911261742606901
0.17637109611780263
0.6254974109610721
0.30426348013035076
0.08148432677462777
-0.11382323130578276
-0.021156307754116033
0.3761932945338828
0.36526588960076134
0.2325004613837873
0.7564827823648019
1.2750029163390546
0.22814667767481828
0.18498716895682563
-0.3232289593400979
-0.020167084672948477
0.4734736050779931
-0.4474543576643446
-0.5437492057210657
0.11674102489119878
0.12023786327052548
0.05283980793064927
-0.11228835422826101
0.551212192697914
0.22345556385621357
-0.6113476918670417
0.06639252390285791
-0.21233526297398547
0.31534541490574663
-0.04337020239516799
0.06928617797084186
-0.18650895092382777
0.24297620582370225
-0.20341230077321873
0.011573189611701217
0.08423706387480051
0.0921089830004214
0.37591088571433273
-0.06554515058054765
0.427411203029862
0.34696816173263767
-0.43425613096156307
0.320049733094042
0.09473533656816154
0.25773179435281085
0.032917386009955335
0.2074605686247018
-0.09236432875436901
0.1964349633201162
-0.3912857616634942
0.3025773784837779
-0.0242136511122223
0.276850300462801
0.20993860103858386
0.0996339855039172
0.19182385129405347
0.30634834489852325
0.2051739236160281
0.2226503552008522
0.36699487227892214
-0.09857637334138504
0.16224164805271346
-0.16492913165550405
0.0003834159486848492
0.1486428148544163
0.4751675725150581
0.5450018510013521
0.5299643740830835
0.1195341046550722
0.10901472975094806
0.22307349057086967
0.11845907517117478
0.07327642843294391
0.8822296009400598
0.5964180132469743
0.6313853923594909
-0.046696172868172584
-0.08959647566742061
0.3500279126033518
0.08589984525786178
-0.1630297325074576
1.2357134984882538
0.5598381621678805
0.582391773317832
0.15834213735127314
-0.10078856723156457
-0.13541287296734975
-0.1116982954120886
-0.4320083945556701
0.6646756742871431
0.34432456729053995
0.14387891067604872
-0.302176138431193
-0.20628700858973797
-0.4285692752477695
-0.3017538455967651
-0.12199703828425495
0.4441111413183961
0.31218636623310775
0.09565544103823158
-0.04781591683937433
0.007318993151764553
-0.17708738202620103
0.03401067384722514
0.11539512594438268
-0.24649056730518054
-0.18921524880543336
0.143034141759291
-0.003078753432047149
0.12555789821940652
-0.1581468497705664
0.047112380714753335
-0.21759123729346516
-0.4408591083830025
0.06233643607640901
-0.24478604147060617
0.032129114589049504
0.16851572756594985
0.16640755791653783
-0.03133157762035073
-0.4187198559375299
-0.6586736383690355
-0.0756416284524425
0.037097151171853485
0.12717664441424698
-0.02599006372122808
0.17273683941932988
0.16252594463862996
0.027877803752189845
-0.42142123731462666
0.16064323446794335
0.3577669414116001
-0.06630201040890034
0.05713718170985401
0.19043092788636867
0.27797426878203946
0.10709809830695041
-0.4136543891384164
-0.6198925715281977
-0.25256498512929093
0.18184247599061187
0.08736769889723105
0.3153948047238364
0.2779177336117181
0.44056304430814636
-0.5032613758994672
-0.0003970496919680339
-0.031185786237896092
0.6401159009852884
0.8491892299755578
0.9752013135608273
0.6727206612355994
0.628034246817132
0.13489064517589386
0.2500035780770132
0.6167680183807578
-0.05106845087355875
0.4690375208909494
0.5091415302750133
0.662476245790698
0.9797564048448614
0.1699556394328173
-0.12149644252947903
0.33346790106586877
0.8636720910430705
0.359795014726888
0.541664828697892
0.8469924359085939
0.6993967235414461
-0.04457461646150744
0.09284303816385261
0.1980155928656045
0.28850862792482274
0.14911523826803094
0.14360248834971284
0.3945022103266752
0.21486088219602537
-0.6846932978190252
-0.32571593896716755
0.2525719831934428
0.17582368315241528
-0.28765667549897683
-0.18945149309022402
-0.2755014056111279
0.050275540549601344
0.042625149797271195
0.07113654216300837
-0.11850924022711469
-0.650278646361245
-0.3301619792361087
-0.8018472559809825
-0.3598647554917966
-0.1245936364218934
-0.5410078210428161
0.16926673505588413
-0.05321583624190625
0.0011284609061287297
-0.3768390767804871
-0.44851234939567425
-0.22507459381005576
0.27282006681358
-0.042790992740984156
-0.0628415100870631
0.42719292229124967
0.2946532882024368
0.18061347486647564
0.10290417965831986
-0.17437446748128807
-0.13719858873344948
0.48040707840081276
0.531077200827679
0.4591402482794225
0.11468604270334426
-0.04637317845310103
-0.11343740011958163
0.03709426275507305
-0.4315265355301083
0.2315848617674042
0.4373398070638373
0.3539849095339686
0.25505023253064785
0.0038233209002742526
0.09570467442814591
-0.4445760836853528
-0.5360098024601255
-0.24289041666153027
0.2413160882751657
0.5845639962494028
0.20156548875035787
0.33566115848014816
-0.03765223910023793
0.4064057380802267
-0.6528199431590599
-0.06220100601279035
-0.2755632272746262
0.24779316657561803
-0.03993408557531402
0.11495104352515524
-0.07268816066108535
-0.0017761893048515362
0.05422253964903837
-0.7069106745085463
-0.01371662858762036
-0.228124525601177
-0.05928362106670272
-0.17646650468740202
-0.23884528886449743
0.1050725163117376
-0.0554519207502823
-0.5185515390333315
-0.7489809033192742
-0.4829844151900219
-0.3430676374282387
0.001824138933836799
-0.15765600650228104
-0.24846454816936675
0.10564907788309545
-0.46492178075945606
-0.21812860963886122
-0.6314659254367899
0.023343536039982814
-0.08823087114670089
-0.0603396412677678
-0.08628022264577073
-0.18633363623970572
-1.035318913417386
-0.841689739392825
-0.5461621091115948
-0.3713871764825201
-0.4659252454256953
-0.3949249586709543
-0.02434368368385134
0.338353731301653
-0.36936160809672614
-0.32275495007299365
0.5818783866864737
0.22090290332677023
0.35797579478762037
0.31613629104236174
0.18052432309547423
0.12326686878984026
-0.05531984202487743
0.3338002380966478
0.13264085673010959
0.33897713384447115
0.11803754727947649
0.11665857648228149
0.2442199910778357
0.5628646331849625
0.0195277993247227
0.22910798148703293
0.15602112825665163
0.09340208282499086
0.18649231916723752
0.574591662131359
0.1893936864082361
0.12168819507330897
0.5921028978247559
0.31614946671555316
0.4323322686491103
0.3800651235018254
0.10585387560600291
-0.18948906540705027
0.17940627174905918
-0.04678297189846011
0.2893068474880655
0.35591558676999785
0.5285525013617184
0.3212724861707139
0.45950259118610176
0.46873958061735294
-0.13033089649582924
0.21261281119357878
-0.08362562917183443
0.2796991467961566
0.10071932840594344
0.08938470409434704
0.39658192943826054
0.2777484574720048
0.352363498038096
0.0037492384967068243
0.06121142375168087
0.194611463524976
-0.2224582176071041
0.10966245273593228
0.16851553231878286
0.273190957632653
0.40579203606126746
0.20760105128010656
-0.5896194038440662
0.04915782676433818
-0.2539313241917728
-0.0007029659689555448
0.008324103913735472
0.09821459118829728
0.40294504964538325
0.5622907598028035
-0.8822479266685114
-0.78142024433504
0.09968967465274484
-0.3980115471788256
0.12510639086410644
0.29361650029513975
0.6023119171005455
0.46396350780904766
-0.39733365400381787
-0.47851836779845086
-0.145483345542277
0.00587659802671351
-0.21310910361842395
0.2608012052955327
-0.02567936509115648
0.30492554934493465
0.09321150313658512
-0.5208169933378874
-0.5026290038562028
-0.5776818616252539
-0.08931067343855409
-0.08406542289890684
-0.00789419898351776
-0.23966881617265784
0.28766295731750335
-0.13651490069346073
-0.29790199329557554
0.01665815789780239
-0.47268159954261346
-0.0019648543684420783
-0.15497870023820035
0.2643693238920758
-0.1256224238724861
0.22294795433956244
0.043455240281899184
0.08391133511006216
-0.10287596848620569
-0.201001615365476
-0.1140938985667414
0.22769953664487705
0.09946204985309964
0.0659538615834194
-0.14110869811628068
0.022082035479128223
0.08071866074502551
0.016585662011400153
-0.3302910844355972
-0.12484664920189904
-0.14185060168541647
0.3220545676077951
-0.02393602508866239
0.10549303756591408
0.053559318211410974
-0.18240140606198496
0.028474222199625455
-0.16285044881763386
-0.002459950256103925
0.1615772799678439
0.27999939000675006
0.44104827015424436
0.11500018467148065
0.10003584863922686
0.3293374098410982
0.07491073659676184
0.6696565740954563
0.5264105649380922
-0.012002216545887567
0.1794927936907619
-0.1287265121096479
-0.3289523088938199
-0.547733793615777
0.05741340388140619
0.27316721863402116
0.002349072887174569
0.2622781350620859
-0.10381812059525006
-0.30503085902655624
-0.027447322139517852
-0.5752872889438474
-0.47555180143978765
0.09952396147367577
0.22101095444501498
-0.05357445521100507
-0.08272731638274908
-0.5596786889654559
-0.42283876201771253
-0.4602643062138832
-0.4815911305380718
0.3757243988583908
-0.4113952306680404
-0.07568362287650963
-0.0400866393883168
-0.1246440925715973
-0.04586512430771788
-0.19377395116668789
0.3063698868735811
0.4757941047013456
-0.15540799329685223
-0.3675467018752404
-0.3351117013458347
-0.3563305473032204
-0.2749970440784248
-0.4723319865897504
-0.09978081011326093
-0.12075555048020292
0.0240444701069104
-0.19832959774488426
-0.08521453593328918
-0.2694864897553058
-0.40574891058369617
-0.1510627910764295
-0.396980413968728
-0.2367697151872633
-0.2969825769781913
0.0891469725879748
0.29295394758909044
-0.4418393923682215
-0.18721153805883553
-0.5305413879483776
-0.5030653141842646
0.15764388463435602
0.0565981189581945
-0.28973030216781226
-0.021361902353271667
0.32922927113199646
0.05731153372294676
0.029602025683136392
-0.4799104704766658
-0.12902566184847228
-0.07316491936903348
0.279204859385213
-0.05945752528989288
-0.0054112148308512725
0.03676127429491151
0.24683387677613366
-0.3175425492756094
-0.2985023572697966
0.14451815667880516
0.5713800413782706
0.04756645577606791
0.09440480550071893
-0.19656103911454537
-0.02720117395164103
-0.08669615901645047
-0.2134558530322631
0.06989423414664188
0.6210793896681502
0.14365573791301242
0.3071199643925554
0.34856620945047423
0.3514160074581701
0.1266540979570826
-0.006231993759653103
0.5672732086781045
0.5305254611992861
0.3995598626319152
0.06317536765444907
0.03677852387624226
0.157087082150169
0.4839458220751957
0.19429863270240832
0.6948132573517886
0.3591262513855712
0.1820777749051472
-0.05919748821266887
-0.049438894387314275
0.2854101009147677
0.3965013194052602
0.7544832430010835
0.5754975747143546
0.3827859898294207
-0.009561906420775717
0.13318957905918832
-0.4881436011548558
0.2150467264679349
0.7910217691375451
0.5061673131899775
0.5251674676354469
0.6368501886044977
-0.5313706300401135
-0.38193609520208766
-0.006643258328113823
0.10399413417780964
0.31000774400887093
0.414475973876221
0.7692495718711472
-0.20710731921285455
-0.6544561317000681
-0.31557538181232053
0.19682998523685571
0.5770315058195555
0.3137730633677238
0.5764485567830191
0.9060265419666252
1.23366086441388
0.6624272204847215
0.7267246520658744
0.6152632382084322
0.5765445365937685
0.4426468328084774
0.3988069567190148
0.26473135779520135
0.46108070591850897
0.3378437642999083
0.5041208216058187
0.1015300315223777
-0.1133138965989493
-0.4037070456463363
0.2854188612964589
0.07994709199308762
-0.0015361956195576445
-0.2264652783636672
-0.10289733926261901
-0.7720482326141381
-0.9511672575044194
-0.9759598740870205
-0.6061193093082676
-0.5527776532472786
-0.9572755891511505
-0.6765377612406568
-0.20889596185684547
-0.0986011017204991
0.16690534412591396
0.08772058247222432
-0.48295893184686833
-0.8027688604803902
-0.3805174362729755
-0.2560041804757271
-0.45793704387041057
-0.10127604961968557
0.031669953534488725
0.1715195922906439
-1.4034865169383044
-1.4109092349478582
0.14122889349350998
0.04117978065414318
-0.07463687139724413
-0.2419272254724226
-0.4755610143687678
-0.05341940340594757
-0.6437737128487041
-0.12058318197899542
-0.2693581891707016
-0.44983152554199474
-0.17994767507031323
-0.008756278545752318
-0.8828150093731087
-1.0190358174479592
-0.3137880580603701
-0.2762506048249445
-0.18004294634124315
-0.12689064768438357
0.03477440851007014
-0.31669800519947117
-0.2596724988749315
-0.7841801529710201
-0.543093210692612
-0.6601790560658106
-0.0560377462202073
-0.02243791694790363
0.012939536916478958
-0.362420293432281
-0.45722891890122147
-0.1764190973491895
-0.7803112270817595
-0.5437834260483331
-0.07574483406226887
0.1440878451593443
-0.07210831197137944
0.2736883059197519
-0.09218967768890188
-0.28240921667249264
-0.07528532129970075
-0.2354568229314824
0.053529686836105594
0.3049632996243513
0.31405657503291773
-0.1284636231647436
-0.36766870813869407
0.0059809434781082265
-0.2821715988007434
0.21467613883715014
0.04270885838383018
0.07155021964039629
0.2519223506055021
-0.08758972336474763
0.23486748619750986
-0.12703925874591576
0.15559826350230802
-0.26344767173380523
0.49216549054483505
0.31218889784344295
0.37219890054465726
0.09901036108315707
-0.2188590475607947
0.29221474408138337
0.03781846474086522
0.3391035532784601
0.3826181945972864
-0.006113394994864398
0.4663449361407851
0.3844137729002731
0.38284124929547975
0.43183253628812374
0.07639563428435321
-0.04567015761395838
0.07621486151599624
0.20960706299153944
-0.11391627873479639
0.018215082011519862
0.32747425640251604
0.4007934881613899
0.27733536388150354
-0.0365755908477818
-0.06085636121282095
-0.2199612263634749
0.1857965370948292
-0.28348164555504646
0.39539757489038574
0.5678951398965699
0.19616283884840652
0.29804376582820635
0.139334962385031
0.39631829574848754
0.06118077737047656
-0.08702607877393492
-0.11140316104299568
0.12016612350745898
0.31098817001695434
0.04019133502889085
-0.20156470945254182
-0.5206624183886778
-0.13305758557943975
-0.03645921435614824
-0.13749602476951608
-0.24549316141194305
-0.6150934809871048
-0.5901063181931525
-0.06374346150685438
-0.35167436093266924
-0.1793973138703921
-0.4222085219192035
-0.3299188064671593
-0.3751305927867411
-0.21463199566776955
-0.12570996695502729
0.0021982500175328577
0.12873643411941268
0.10517199186221318
0.1573585302695217
0.3317746238140522
0.10628622983764353
-0.21418511298480555
-0.12388410032702273
0.019690999542484353
0.07758025663226993
0.05351780169548463
0.2925319400620715
0.07513231724170094
-0.07568821632571184
0.12586666589183534
0.09447869462393411
-0.14061045247282505
0.18007245281991202
0.09612757766507347
-0.057759870951661636
-0.049692579520424614
0.09755916022615871
-0.26777276817839024
-0.2104603299894536
-0.10369516856521402
0.21373303356069892
0.10817561978235377
0.11012589336423563
0.1221183149802201
-0.08184683821428328
-0.1650009031418063
-0.1934764595289684
-0.44894606152178523
-0.044110610939237654
0.0696116592673448
-0.16427798901621515
0.1991122123958987
-0.02399906117174415
-0.0974338416348189
-0.22417019480513697
-0.611899282614689
-0.13284807117316313
-0.03619943605200038
0.3368370406514563
0.004634876239100965
0.1766910898125992
-0.3185310345700999
-0.15635895493132326
-0.40065024219527723
-0.03742281417064761
0.09981569377701723
0.11443531440676523
0.25121511138881286
0.03227653714575262
0.05047145856407782
0.21711967449912548
-0.17107354572470904
-0.26359943582750145
-0.030019059779658897
0.17917725518074173
-0.04095549915695348
0.3164913834292226
0.10200582904994644
-0.19648508875266701
-0.3043819624191257
-0.21766976336424976
-0.19013970199272084
0.4351450813596126
-0.0487973898366956
0.5023410758239979
-0.2230197245555666
-0.03215362883349249
-0.087713605753462
-0.10467498239196064
-0.07809885760162741
-0.07541907321396313
0.03768846799070266
0.0551900163807921
0.28423174068427876
0.2584385967870166
0.32906926038051676
-0.09784505404890581
-0.13386791195825737
0.06494242907984532
-0.02571146487156668
-0.16554428872278795
0.025499931934869643
0.3291999692068217
0.4343530447708679
0.5165822598693414
0.2579548117985957
0.150458829428403
0.21089297507929342
0.31994828631357336
0.012937154144633306
0.1496437372020706
0.8649956392294479
0.5484778875893782
0.66813522641958
0.17157463520308439
-0.1076063583252468
-0.4862688682804173
0.4164068809997336
0.2572863052802585
0.14352492383141843
0.2058537391691009
-0.13803530040620407
-0.8071186420406513
-0.7187413646669495
-1.064043287775421
0.02695217014444035
-0.1093197167131414
-0.14786228087516254
-0.11201255326071007
0.3370341333474777
-0.8236203309655131
-0.48597073052260237
-0.21622109968780973
0.5068685718445126
-0.1165894779848573
-0.029977865442866077
-0.18045901654813493
-0.6703419064459333
-0.6387584041766262
0.08307951136996963
-0.8061590767381517
0.1867567420790722
-0.23037856486383843
-0.029253430725912383
-0.395664345311983
-0.003205961163017598
0.012025373832875611
-0.16282173759630827
-0.46245883424776313
0.5210584067023785
-0.16706503052136193
-0.603803707008647
-0.26073525222525723
0.1796506927278336
-0.16804271674985025
-0.23104640849118904
-1.128195850109879
-0.05740536807121004
0.0073284352072462405
-0.06458834429159709
-0.129675756212062
-0.013893992849660376
0.21564494353484706
-0.4902494689740228
0.30969834745710406
-0.03929709526344666
0.05424818195582885
0.3158477189366351
0.23008056206274227
0.34137226652895897
0.06147841630187911
0.25692649845480875
-0.6309905640129154
-0.20594563769050875
0.1418963839435822
0.2263356252916716
-0.1867821080920283
-0.1670841153004736
-0.030585462790037
-0.2120016276555144
-0.34010555697869554
-0.18158326829047755
0.0815954346427936
0.7661379321126285
0.018390823546897552
-0.05935906736700768
0.19482791512047165
-0.4115448955175339
-0.6475091170419707
0.03517085622995969
0.6757009401688885
0.42742298670009393
0.08495461238923163
0.11625056132340446
-0.20532085095167762
0.04777234900155967
-0.35253189140037755
0.47280231227951114
-0.013289080780009956
0.5461328325274174
0.15775940454590728
0.15564958980939148
-0.07436333658868993
-0.1321377892898974
-0.23768971386897028
-0.24760330468828531
0.4517774495908876
0.41171759522064233
0.2644193934138255
0.4483810252944957
0.1178973952854906
-0.08565100011467326
-0.08194576570158786
0.7489415614920742
0.3494840486568891
0.4148418849191354
0.12883987449406784
-0.07487390127527499
-0.13401461506874052
0.27786831445632
0.1562221929264297
0.2806714382467243
0.7173053642259115
0.22171779362711136
-0.33357373040887633
0.4208423839133963
0.048565892984838585
-0.021622027869092113
0.3988601910836288
1.1769029047667512
0.056897165655204224
0.14512538294559493
-0.25808049692364726
-0.09700337300238943
-0.04148997153859245
0.41130850330440066
0.20820535840550386
0.26177111440684814
0.9448736565843806
-0.12091570822946246
-0.21130518633155077
-0.3762380244762113
-0.19214613850653503
-0.0773883306415206
0.26953669292853055
0.3773377206936914
-0.0071804060738373966
0.8380910278793606
0.01506514207145027
0.13006512775224718
0.032057794827326506
-0.15975669255888736
0.1181217908123127
-0.0006024225843998393
0.12048007602527866
-0.018064785179504647
0.44004352450753137
0.6510827307793154
0.08710014487974409
-0.09997374642759788
-0.04348781887800271
0.3091888185108578
0.03666983397539175
0.25886367423783146
0.5971311467520292
0.4664636195044308
-0.28753404836888313
-0.44043473410967404
-0.6770427342913298
-0.1262751549485682
-0.295149334257753
0.5543752609135136
0.2515117632592489
-0.0904010924758204
-0.16755537569225787
0.2935246961277991
-0.09362283924576359
-0.18143971245505425
-0.0008300813147408609
0.05973613764445334
0.06081294490373747
0.09542303896329345
-0.09399281117071502
-0.18778599969485638
-0.5608205551767775
-0.1683228615539586
-0.23194546258560234
0.29888431399617305
0.05590037184884014
0.31608381474167224
0.18566601089920395
-0.42940173395282905
-0.4765185250902034
-1.0862591455034696
-0.1301148315557721
-0.12142936221456949
-0.07092595152124466
0.025359730008861363
-0.3698574495217098
-0.1310757622233022
-0.15317749363194108
-0.5194186293926131
-0.4830692597720404
-0.0678575135771568
-0.05522524472725116
0.15872566487658843
-0.47900736215046585
-0.25849892798204405
-0.05292107168281092
-0.4192714063562313
-0.4299021713773602
-0.13814691750431302
0.20915829871595895
-0.05704783292990076
-0.9606382602208763
0.21209577302855795
-0.03424009471483025
-0.03897977774584654
-0.9065894504011093
-0.35829446200917575
0.12977432641507616
-0.19728332256830317
-0.10944630152928989
-0.3942378810136892
0.34101055522024126
-0.2116807101402262
-0.38900644336992896
-0.30718656005524814
0.012054372359364752
0.10922518560953723
-0.598753924510266
0.15706292797389776
-0.10832586344390743
0.23521072232496562
0.025944626097508222
0.010035287593840665
0.06557629092738777
0.07076524842049652
-0.23068919041813607
-0.07583482838368953
-0.14089492641024756
0.14716133472571638
0.009339114855282788
0.11072207647088958
0.130566465601725
0.2561880271976452
0.2022223611973053
0.0452554411824813
-0.06846240791615381
0.07215949126444202
-0.13006200755829767
0.18729816064914892
-0.30390718608871703
0.2977195745126712
-0.18557148083304403
0.32819380016278565
0.0038642267114880353
0.6087685924607121
-0.30218605002823257
0.3281934557839289
0.21021209682669229
-0.3155636189597411
0.05382091441001266
0.2218113968436102
0.16150137762001515
0.013011323407557533
0.23096680678956774
0.0392305439259337
-0.2464296627145284
0.2385320833820628
0.19675697599051112
0.3280574572992569
0.7187210570973271
-0.14464946697760653
-0.20400638316207795
-0.12936886195271746
-0.2443761436177136
-0.3373922831083394
-0.24230913546020644
-0.19824798250122969
-0.23344709432343627
-0.08519239493419314
-0.20084364069607852
-0.29428259158494124
-0.232356821454223
-0.34334234507736494
-0.548668892564394
-0.35630991031968773
-0.3894684529467877
-0.3190144354112991
0.16876138002243277
-0.1860056432009741
-0.4166478719769145
-0.4945813691223271
-0.18349865703287116
-0.21483488170869391
0.027488010750581146
-0.13547881459071223
-0.4454143060763339
-0.35955405381863054
-0.276919222709832
-0.284466188077805
-0.021943174096555218
0.11039540541360895
-0.21145609837122548
-0.08061889201716937
-0.06856188650605136
-0.1323411861533273
-0.1590943274853908
-0.4305173471602504
0.21174193248946455
0.1647420987366847
-0.24751694785983674
0.03739063826040787
0.029363917246929033
0.11946716290960635
-0.06414856100073205
0.012458412534593094
0.19331498948561457
0.3805245395173547
0.14296664685238505
0.7774286678535471
0.1267873941013754
0.7732139931415954
-0.25785695855398294
0.20583137660556297
0.34800940003499425
0.44536507247200857
0.020086151165562432
0.12866800189786856
0.47488787394651216
0.6850967190862427
0.34633750857442613
0.20812587658746448
0.3517565940365117
0.15411029952049882
0.34936333969241845
0.49385431506065985
0.4750060327706923
0.10673155066947633
0.2712585815495873
0.6328472211962561
-0.15252760096887769
0.041343080152846726
0.4221449673377594
0.559502623950535
0.015379217713267043
-0.8208920666187103
0.1357149106154727
0.22062308730238947
-0.11894671074482155
-0.07545397947634214
0.6168028506808768
0.012101959738181622
0.038011287611566934
-1.0238861933692922
0.03491683189240918
-0.13819526344362928
-0.12223890276410782
-0.09039578701154186
0.4563105860711903
0.31834242999963963
-0.13741675811367407
-1.3259074905395134
-0.018814871026576807
0.054112455263900336
-0.24719375707429214
-0.0791665718093815
0.46690197959503416
0.2850595718910801
-0.9209525242133862
-0.7381872647223827
0.13211720631785187
-0.04972465320961023
-0.17637149050268972
0.4029308439599651
0.4349588496962693
0.0164168846263371
-0.3519141589285327
-1.117225453261487
0.3701858825382005
-0.2582109729705089
-0.2736674429300733
0.01746948881817652
0.0845106106872427
-0.2267229428379453
-0.24036852337507114
-0.4597041473554685
-0.5245771435336819
-0.43193776093592023
-0.15703789870771498
-0.41087636289078244
-0.8372694200460316
0.052265018086876044
-0.21529978942615519
-0.2373095976606434
-0.980005619181184
0.011682916156494229
-0.0034892401001278494
-0.5929357956819028
-0.7555793249232596
0.25220491323412925
0.06969663423302924
-0.45483091681856697
0.2592142863876033
-0.12709229359241
0.2867196070853934
-0.47400101089434765
-0.2365896686993869
0.2625621385621631
-0.04933165445463335
-0.0989556280037404
0.004995812753618989
0.09265097786495223
0.15075122596095009
0.04122075886065504
0.16696579100975137
0.47579459154016673
-0.13312699054959493
0.06879260615802706
0.03386713675551181
0.11020854462075663
0.31536511574687615
-0.11259068146012065
0.20341794280673572
0.005872076826027455
0.10804077964947352
0.3429067025336719
-0.21155237815192737
0.1411334878799167
-0.121938281809948
-0.2834544081996371
-0.0502407760539564
0.3792028488330652
0.04227489089166552
0.22261761898775156
-0.13762395477539766
0.2001593188959974
0.0646994018232435
-0.014009218264261115
-0.023610060542219074
0.6127214856732324
0.2768937974820238
0.1425799195931627
-0.08734295505852518
0.10667597969564238
0.21371557706397282
0.08586124162241301
0.01047118176389285
0.5992927775897322
0.24055907760087838
0.3298529935433544
-0.2328115530526106
-0.25217347028821724
-0.026599289152980207
0.03554758690005176
0.21943455246538623
0.3109875053500057
0.7720994658762881
0.2844667216524942
-0.01991192351636982
-0.6367790991059847
0.04913163018327702
0.3054590329799871
0.7092382040669227
0.5319362338126898
0.7498729459994649
0.5724012083021816
0.13302093717350372
-0.5871578810075031
-0.11906874071460365
0.39690818940450867
0.3757589126186057
0.36007913919307105
0.5615328227406412
0.2563489371904653
-0.02014200277773861
-0.10054383266725371
-0.10453245843014625
0.17540176999543136
0.24202855874216078
0.3037178266839712
0.2454239682709807
0.05157722403715123
0.032967176645635
-0.32972232880244445
-0.2669111440268216
-0.14065322946582387
0.2860150256841843
0.3303202698295635
0.08408919651860428
-0.536246901097295
-0.22887975514330972
-0.32008593948632647
-0.2825508698511515
-0.37833055418463774
0.1418822992996392
0.37663573508142767
-0.11068693943694996
-0.5906198913765703
-0.15539504510335353
0.08028290428555707
-0.3557231949787863
-0.08873896235416108
-0.07650961507087589
0.16967773741625988
-0.4309597024832137
-1.0035261880364248
0.12045046755520838
-0.07244497088218554
-0.363480982105015
-0.44744520220562456
0.19312707888755232
-0.2506990709880366
-0.5126678453466358
-0.9218742448485576
0.0372988337063147
-0.0014382309589941224
-0.05412107042573507
-0.8287939165979988
-0.4123320357566099
0.12339151691179572
-0.6274013056892715
-0.1537835216067229
-0.24607229764753852
-0.32533320351006517
0.062198263551049494
-0.5452820896908958
-0.5239022788978867
-0.0501023395206549
-0.031138495439438262
-0.07571210126101423
0.1793872812996187
0.10764390860258674
-0.3507340273715086
-0.26323887046656985
-0.524115151177093
-0.6159256836575978
-0.23493441639535817
0.3974455298830038
-0.0779731218683326
0.04280957206052284
0.17444083996839652
-0.011769379129299797
-0.39927076566438385
-0.05235914236882039
-0.26462591194383095
0.03398092895162073
0.255900374091886
-0.29861028393308453
0.23816171675428835
0.01232673824266484
-0.2587072790713535
-0.18652763629035365
0.4474107493303243
0.13200845245398365
0.11902857167336606
0.316881973257178
-0.16193242126623467
0.01882871687339654
-0.33193605551529837
0.11238131489161204
0.40392460208780334
0.5657043125339546
0.12615436156610382
0.12512005702811663
0.3132986037792287
-0.08669280489905089
0.20228534534459114
-0.13148139551945723
0.08219194701095892
0.49428715939245416
0.15781283632512716
0.5114071047606769
0.24704407276929197
0.4281887463239283
0.46506748780280416
-0.06828123281315676
0.11802367514100412
0.18975669290200542
-0.09483140159629959
-0.29294440855147336
0.11874332832388067
0.10725874712455177
0.7026766595555961
0.5059670417983979
-0.10630444393780768
-0.6152924780062743
-0.4772526783117368
-0.48315067232198844
-0.23711502566948198
0.1784130724356813
0.9797714020858186
0.7434833810299003
0.09503066488200906
-0.9323082949259478
-0.8387143164598115
-0.5225266742028274
-0.40928821299272045
0.15157524062815508
1.0639620453298737
0.6666706224032515
0.22152928386132043
-0.6646163597651618
-0.5229975390972548
-0.5916638247361281
-0.44488740104344804
-0.11917736670019641
0.055519896867817095
0.38102487941672625
0.17773468992049082
-0.12786234994643692
0.30489705099355846
-0.4108896057639843
-0.0583116006455039
-0.5237108553139151
-0.2687026062930421
0.05761415545690926
-0.3572831117983675
0.0801447770535886
0.6030284254681465
-0.08372493170351246
-0.0068798635392666105
-0.3396237753480606
-0.6072006817434284
-0.13452058319405477
-0.11066837612552595
-0.09236083128575578
0.28367562012149367
0.39107525074331856
0.21380076252863894
-0.3081768241816779
-0.9867986570238068
-0.26247986456442224
0.1825363204985881
0.005511500814398539
0.594225428016004
0.09679617640467675
0.3789323044181195
0.32177792389495186
-0.17286112714431653
-0.07742726968726696
0.328495548392446
0.3514678852750313
-0.08769288524865514
0.1566348700650539
0.18672324208268803
-0.0015472046994055993
0.21269480820112396
0.1444857324033834
0.6986026333306
0.5145425209248151
0.4367520462874474
0.21013320494291474
0.046250308019763306
0.22484706022796982
0.5496830266961773
0.01683496013268558
0.2808304867582359
0.5570875709815268
0.8127781083388405
0.9962932963496682
0.7662683405719987
0.37363692346789135
-0.07730789092189441
0.2361681188361834
0.4383700831203397
0.5771501768127006
0.2294341528553958
0.08132396121104438
0.24849604544663637
0.26499639503206807
0.44078922237947005
0.3892031875784337
0.08811361023449985
0.23262830348162652
0.47683417054970906
0.11378230839638363
0.4388847623579798
0.8806777714510412
0.7587875573989334
0.41435859504817407
0.44886647945586544
0.31298759579707824
0.3378625200813953
0.12558840569061408
0.1310336998376797
0.12117902139706366
0.1502784073213049
0.11006184132942992
0.08519255339161216
0.16962721388298152
-0.28038070557022743
-0.09481150542713697
0.13414126697067671
0.40391786637876376
0.21186846382120578
-0.2146274356584438
0.3309683512761166
0.2928019772733453
0.05433339656045334
-0.1523858475485325
0.11992959733937276
0.09817280270862354
0.3991051293899627
-0.003367954431060329
0.06307656204503989
0.40362123560901597
0.1108113164476023
0.17479123601944738
0.11522773134398519
0.04590789091624642
0.24066153415606167
-0.15381691301502487
0.26536697310007173
0.6398158492328567
-0.042146332067537456
0.03496825708199012
0.2784269922868114
0.15490079574932353
-0.07144885291078241
0.0959164573041718
0.11021353025270081
0.3751965688522449
0.0356981440402715
-0.14454225237570031
-0.021875935901122596
-0.26826325123784917
-0.04281353739203772
-0.12297215450210079
0.24400969399084885
0.059571721233716506
-0.0651110632707625
-0.1351115741851239
0.2426146215568194
0.006140265535611542
-0.20748346653917496
0.010511400717147457
-0.11353592486941853
0.19481853854813466
-0.3279452025594813
-0.021969633845195752
-0.26691152234989146
-0.12089385536848915
-0.03355918914594199
-0.22327702213961742
-0.24965074915536892
0.1762670029639991
-0.04071214944759794
0.007985440386938086
-0.23121406506277373
0.04012718921685854
-0.33034739235333294
-0.09619391707145197
0.24893407404119586
-0.21616109875275094
-0.0751948314092853
-0.10355017973171274
-0.1831281556912329
0.04229204072291055
-0.9951546212061682
-0.39846311955805774
-0.21405921007416928
0.040835473702487655
-0.3502725303085414
0.1487081956367942
-0.38627148150318447
-0.26139651602787517
-0.5340885424157548
0.08912049963509995
-0.16195620578018222
-0.13504824919585437
-0.06955251670157425
-0.11389020860413028
0.11491231071165776
-0.4228431574588698
-0.25150339541219113
0.04671725757274584
-0.49239483523755095
-0.41677311902225245
-0.1743746664018456
-0.25467460080111215
-0.1576009061320774
-0.4536248235765369
-0.3215864998158062
0.018693325718543492
-0.3624415647680138
0.7228221275398686
0.3216243789769597
0.3753459557594336
0.34767622375223034
0.289928399640942
0.15180210884365403
-0.09380558718214702
0.24257860704519885
0.3818962392648713
0.21595294302789955
0.5131344996476253
0.04240477096902989
0.5229804762760574
0.25399490313231426
0.1963002701140456
0.1490990172106827
0.22543899274884102
0.560690769832827
0.35000108882257325
0.5089421791314458
0.19667440276173848
-0.055488445745144
0.547855168657413
0.3499637155132441
0.29370578175228135
0.002940470320277582
0.2257435356106208
-0.048587769913839556
-0.08220698703502903
0.05891761206836882
-0.05674638409218137
0.43734098222478984
0.5370946489294942
0.24098941933409013
0.1522055774813776
-0.15550849902989533
0.00350096333048348
-0.19573297003302292
0.33206055640113125
0.18743277502581984
0.1282989128619986
0.18561364280311082
0.3443059655893539
0.115723731702874
0.031491432234758546
-0.2288656235625049
0.13232031631762164
0.06872447061237756
-0.0824053337308522
0.2688445521764638
0.1312333079319534
0.09400270070924642
0.16566559210298396
0.03938887564545775
-0.4129440037703006
-0.1681334842014696
-0.0786684692759741
0.016413198517590995
0.21661522805020583
-0.12512053735056952
-0.15719047189702592
0.46467079666559913
-0.5066162835166348
-0.11932088951067311
-0.15172614348725671
-0.09382620136957005
0.037176755144245774
-0.03760525588514857
0.41332489956897606
0.06623428241972504
-0.4089062358573599
-0.3532767837454691
-0.06416233039058057
0.10221603536006285
-0.24356678430995787
0.14786046694998076
0.042411905031250925
0.12904708296112705
-0.17763263398948664
-0.2858802007761822
-0.29494119229267574
-0.2940875715741062
-0.09768484690799421
0.0331416212512206
0.09936877493413297
0.004462996639492569
-0.2547152426519289
-0.11444654581729424
0.10855065518136597
-0.0372157793164144
-0.0841988038992204
-0.08740108996132312
0.02533809853385944
-0.4769312337980796
0.014376118694442691
-0.2337071364971617
0.031141124925977474
-0.30326872369604735
0.10906136132628308
-0.09786217079216775
-0.26797883236537207
0.47262175092708436
-0.4595111964754262
-0.2500372857606408
-0.12209990887920855
-0.07995343715777334
-0.3899883147270842
0.029586076267309497
-0.090491561692116
-0.07615157312577375
-0.07844843916994779
-0.36605425191292557
-0.007668193610048552
0.1847214828944779
0.0009267376656306404
-0.2898437472468624
-0.16206202703164382
0.07850277660127769
0.05186690672746703
-0.1458119801596354
-0.2605298831300331
-0.012592481171910499
-0.1438008814637795
-0.16188670770249597
0.07184508061638373
0.04380362586339667
0.44102162539412576
-0.10681761066135476
-0.3012925042497628
0.1152500702668467
0.4333380259255075
0.41964899664534816
0.5178312361459828
0.6135369384597898
-0.24777507479842845
-0.10835384200062342
-0.2219690052978439
-0.1642558327569004
0.0478541031982816
0.36533769013706
0.14273006439950195
-0.023932605824330544
0.5153196277705407
-0.09317330635249893
-0.2407231116067381
0.15985549328518245
0.36937600397082426
0.040593627739517815
0.4008763015743165
0.15333802754773823
-0.14475238230005746
0.3264740337058208
0.30459554246484233
-0.10990343543922838
0.19247572364382093
0.15610107335850407
-0.24751574878276542
-0.14155375487923647
0.4607052476347617
0.14842811009616552
0.32708063234720225
-0.07627521726253553
0.04616224050295101
0.2167533875001732
0.04435541794359396
0.15740042602803264
0.48039090422655023
0.31849120372421663
0.5373784083439287
-0.2253952163798469
0.10244720752000151
-0.13623019198203062
-0.04072554180662421
-0.24837166102407668
0.800663278479395
0.12827734133722615
0.364282868658287
-0.2440721211071322
-0.3165760093156328
-0.4897960350441969
-0.4723420244671203
0.19566697736011265
0.48258571179361825
0.7519899787994645
0.3159560264448763
-0.12563492268733265
-0.19776548015946546
-0.40748185046400887
-0.6593735821038205
0.09035751515221384
0.49786809134413174
0.740231001052808
0.5586072330486794
-0.18974548729269541
-0.20589727946586978
-0.4443951217380811
-0.36794987029139786
-0.6148516646261479
0.11457113430479973
0.5701129112235125
0.5091885173222597
-0.13871237576000112
0.06370360560283139
-0.2636894398425402
-0.28726640238353945
-0.7523037021210478
0.49409493236639623
0.22345282267992855
0.42086145876853714
0.018310965211454575
-0.008242918125853847
-0.11379682636304357
-0.5274442169349691
-1.2721027564265228
0.2933299110885411
0.1330651960992553
0.0966723173639079
-0.32858214682920717
-0.11677842748365282
0.15284663440593999
-0.2759891928033565
-1.4796394113301257
0.11113889913039224
-0.04196073533348188
-0.28891985294438455
-0.06985456775589874
0.021493881406074396
-0.1866079641878631
0.1290754549793657
-1.2958145139233288
-0.2169903084335676
-0.18325535682888724
-0.3621311683619651
-0.12465028368772775
-0.12911944551510163
0.10823636042328565
-0.18352663179904655
-0.9511175256325359
0.0042294857210028024
-0.15109344470009645
-0.17125244941089485
0.1024268690009646
0.322121565199004
0.07457588616690007
-0.18406265104641284
-1.034222407053708
-0.2202448564338493
-0.44515235100323086
-0.5339848876196434
0.13347252133884333
-0.21925339130279112
0.42594993168630924
-0.5460758733986887
-0.9297467402387293
-0.6788779256058554
-0.1975096615498057
0.03357189579319195
-0.1194396907711611
0.1290901334263197
0.21309903029292407
0.05353830684911205
0.05520562989768717
-0.2636825621012905
-0.2760286674954222
0.17677534107181941
0.33144947655398155
-0.10460245941774961
0.024030313410923685
0.035327914129939166
0.2888955663118921
-0.28883789414840266
0.11501189158328438
-0.08437395040745278
0.3569319779929101
0.6111485037062632
0.09955225997894039
-0.040528912029698265
0.384620533350796
0.6502115782185578
0.5098906206002193
0.37019773814703294
0.02033122555456371
-0.09961751548878622
-0.0780167278094159
0.33164811619981244
0.11039227396394947
0.007124857726421904
0.3168872946029626
0.6423310247604141
0.3347012219392778
0.07316364320713367
-0.12064270210040688
-0.3607789922014184
0.07972462440363025
0.31146734820229216
0.6678744986809025
0.1042227159770394
-0.1899454770068911
-0.17312999928645245
-0.3202364735178988
-0.2133587346733774
-0.7057845487587412
0.7643734220019491
0.3261657924874607
0.2976360141030598
-0.23281947709682257
0.00889486452841623
-0.266738466191953
-0.2747948525169216
-0.20180755712123805
0.3359438888452149
-0.07371024654387393
0.05515203151967079
0.5382625070342625
-0.08999022360915887
0.20183059972457945
0.14836433917726533
-0.3579983699770478
-0.8467497290592857
-0.24672000597795404
0.16915520012272436
0.010174368609517188
0.38324862761843537
0.27030364130379214
0.28147974118445324
0.20648054980064676
-1.994382447028361
-0.7194629117557653
-0.8598508332708288
-0.1483900590011365
-0.16275476742886064
-0.13987132078101677
0.1938748637939737
0.5335673994332921
-1.3217888650679719
-1.2387727841423664
-1.0422684678978555
-0.6903691687536573
-0.14314825476990106
0.6188931315941302
0.4711751245341324
0.3671668159939568
0.5306561772535325
0.016298140120927833
-0.19487502690186664
-0.440519673257402
0.2383411874364453
0.08072078202929113
0.1716211311918008
0.8165872976201064
0.24010630515991974
0.16743594747692186
0.3864282790175487
-0.11269967860929161
-0.2656812214836627
-0.16327530052638675
-0.19339552995698567
-0.10342455975000722
0.24581272696126052
0.18814464998602584
0.2399520265857001
0.09256595706307481
-0.456224569766952
0.19312374680426517
-0.7538964980827837
-0.3252015802919848
-0.24489194328278385
0.2946709236405385
0.3518035042832939
0.30505877144450744
0.19659306776789076
-0.10661091831032558
-0.15898560973311882
-0.18350867557021508
1.0817791969346984
0.24742529090942103
0.3084116824714397
0.4260576118934516
0.32946603607218644
-0.2549027061402824
0.02839693762503853
-0.07321431097511381
0.23534179751444506
-0.1517379951988855
-0.178694331179578
-0.3474262520976158
-0.20536029950503953
0.413282964853359
0.16468535664772224
0.9824540986776029
-0.06256711226195699
-0.052180272597209844
-0.11051868594563855
0.3708009449261196
0.4368669451539087
0.05716922267846009
0.26458309069923247
0.09006104165277558
0.09095882618361927
-0.08757266281694163
0.39327655385007304
0.23082046528002695
0.4140695737595252
0.276844619127183
0.32098847689557236
-0.19873704227194658
-0.7137286991339368
0.03783675111899939
0.06767534980012792
0.11723611632464637
0.007268321020743988
0.12621515949309453
-0.15275315320129482
-0.320439701878289
-0.26640352342657536
0.024729954157765435
0.3084783899293847
0.3641945860220328
-0.027231266326917032
0.12181811226074785
0.2547192813682339
-0.08817879985446586
-0.06035247745267016
-0.19283508161471422
0.1313953847612236
0.16533946152549367
0.30806404172459134
-0.04698000246551836
0.1015354800457149
-0.1794926741165925
-0.2893171743166675
0.18176561611768735
0.11827043390798761
0.29123553745306147
0.06198450981915265
0.26644909824014745
0.2385068973752046
0.20726225456840747
0.08183203838690323
-0.2558432347822753
0.21979925892615654
0.05883659014882149
0.10924108701616267
-0.015591747479422163
0.11377862020957209
0.15086015828775973
-0.2150955428625987
0.06092393189755857
0.2516765730480853
0.050932281590546656
0.06656119982119951
0.18698884049965517
0.09938552072632224
0.32130101297773905
-0.3785988966299771
0.08243039137810132
0.39459091776879945
-0.06361217795621979
0.19112886745435503
0.17282770654120685
-0.050837624157968456
-0.2332620230186268
-0.6918439530481907
-0.44217659023389677
-0.22076157361167123
0.07935925969955873
0.05378176740887264
-0.10010435509968235
-0.0038535676048308243
-0.1728262571197632
-0.9043683539647516
-0.0788527482687013
-0.1261320028243185
0.09456204587390354
0.19012074550263014
-0.18924994637255294
-0.024890717660667062
0.11348871444808993
-0.5798113924831547
-0.3808982497525766
-0.11984019781974639
0.04156500922111137
0.0175212496529961
0.052128875769765666
-0.1314137761842178
0.1621747658757214
-0.8391785392975977
-0.6225874809418713
0.023442486024030113
0.06174775850468464
0.18075260610837762
0.1723409805294569
-0.05720139534569696
0.35120933348189975
-0.5705321493953884
-0.2693587035171571
-0.4101087408309095
-0.006124438566160764
-0.0873064261104997
-0.0789631373327803
0.0029443175632614853
0.19921447151885252
-0.14090696076077464
-1.0632381637830122
-0.5950149691069645
0.14301422484933382
-0.2282131930121589
0.10593705634789766
0.32740472207156823
0.36852557792714263
-0.008508218804400192
-0.12875990210771254
-0.5490572998146674
-0.5909272019192524
-0.9963482788164991
-0.38401856425303316
0.5527852157836938
0.21340012071543152
-0.6433086014827679
-0.3420198937520378
-0.9737501059616703
-0.4843529248534128
-0.6422837373576437
-0.30391141931162113
0.033007530292009396
-0.14656665795998902
-0.42420346935648434
0.12046281836631893
-0.8131309102753154
-1.1522273596240584
-0.6940122516594888
-0.272478334627698
-0.12916139686643102
0.791186859323569
-0.2598952815668834
-0.47970812492368103
-1.049908044501268
-0.23008297021044294
-0.12717119360807622
-0.09960322624829758
-0.19660431392668903
0.1667006437056493
0.3684308907985623
-0.34502526757972607
-1.1415408421187498
-0.3429720593799934
-0.11367502995164849
-0.236518113761623
-0.2088057502736669
0.5209308569226596
0.5042482379660226
-0.5293981742013187
-0.9918310615013696
0.16639142729668333
-0.3192222399407984
0.03854993331017015
0.764392097432948
0.9996412670660074
0.9417636784644023
-0.1112345022464603
-1.6837860174842338
-0.06595233810339979
0.07715152356560447
0.24341744341079208
-0.07843811993108832
0.2923973001373036
0.6421575643704021
0.3135975392351296
-1.1067073442018436
-0.36288547716332487
-0.18415317639568854
0.22207097687414745
0.003955117390474934
-0.3322695415178672
1.1829612991279244
0.5273516137394778
-0.9768277572120386
0.11989793776830283
-0.03806922014900198
0.2982654673355226
0.1641529115690462
0.007909423974174764
1.0596251610564997
0.18936257117442695
-0.15899212640048527
-0.1923556724629493
0.05735481640153159
0.5309828982415647
0.38753764713452676
0.15336545673056248
0.12949049192897735
0.25120601319947494
0.3286148657249003
0.2546691640821472
-0.027471299671514217
0.09271859604244705
0.04586174764400303
0.0318885608917479
0.10072061053319235
-0.2569497265971563
0.0776024346366527
-0.006694778658299507
0.16641063738733547
0.15879242981905145
-0.06851933443193968
0.13891673588375275
-0.11527321868877453
0.004111672433842735
0.12305521529345739
-0.013816852994284253
0.01810664239104338
0.27368910312175904
-0.14361435406050013
0.39533560750866853
-0.21935590260820165
-0.06462135345630798
0.2899910726338565
0.21110296429633513
0.10690472644937195
-0.1175816214111359
0.3436346133611325
0.009893332367622628
-0.617127008052674
0.1852941197099828
-0.01197892611190378
-0.11413047416903863
0.24818205915654587
0.22711906176185498
0.11822362050047128
0.3593003269586694
-0.1788971620806405
-0.056414720157736735
0.12822681418264759
0.3670542025194501
0.14077872234226166
0.19916206588053453
-0.17511114880706455
0.39437869146930593
-0.3748728437455009
-0.046602207066844106
-0.8089723736950662
-0.5402212196859851
-0.7966931214859803
-0.09251380547625306
0.48093418414346795
0.5202317135824328
0.21654346892224818
-0.1664449110898789
-0.7790221855182267
-0.34633045413308766
-1.2331483305804074
0.16969924004822887
0.01711805867356185
0.6607190754725183
-0.13253374643496615
0.157877431312528
-0.09891289902623165
-0.8826504653406358
-0.4995887458193055
-0.42315624016504577
0.6304054929954925
1.2764878276789393
-0.09130505997345047
-0.1196352641191444
-0.5580322389184716
-0.5727865874507647
-0.026082596176641576
0.1413092190729769
0.026058212133199858
0.5203196914834602
0.37135839019837913
0.24183122799765638
-0.7128316593158525
-0.041270251499994394
-0.2327289186122938
-0.11040841317014084
0.40536714074172786
0.7979597394735364
0.8001630387141426
-0.13493417344270975
-0.5927748581876062
-0.04373564935912529
-0.3961894041121327
0.16565474426346802
0.5683943762302983
0.6116829048270717
0.9170673876112935
0.2717953089351486
-0.4224556915594852
-0.27576303896778925
-0.4092539109417368
-0.4698961448249985
0.25636816789510447
0.2335433758967032
0.2669873066922638
-0.19645844284892466
-0.030074202957577185
-0.1333475411313026
-0.20432459268300943
-0.24271124856217252
-0.40917843011913024
-0.1853587236268512
0.004325046863015572
-0.339747609254286
0.018707742077091152
-0.4066649319488332
-0.0732427662426801
0.04230159789096409
-0.40803677746048045
-0.2824214019021806
-0.052461631144428054
-0.040601632148421725
-0.10770931833991794
-0.1605802508404317
0.2582688008863407
0.10432648252548281
-0.19849661806757882
-0.6847011798997574
-0.2729225883603556
0.06593578406148193
0.25325024688134257
0.11181678575233006
0.3439711973997819
0.2330210970799993
-0.10456231132594704
-0.28155857498037
-0.4676905062887049
-0.09133884518099866
0.15069823760623852
0.240481133937906
0.2278468962128574
0.3082617787201717
-0.30646118398887956
-0.3216891058047072
-0.40974667902514184
-0.3624082804191059
0.3119272863838945
-0.15820194648187388
0.10192643490740724
0.09252330428949485
0.14794327625249332
-0.22327935355948936
0.05349769954586932
-0.18724419982399296
0.2520392959448533
-0.06200362035163968
-0.16046029785949037
0.2038028255918707
0.3620450941847585
-0.24091569149764622
-0.4391724631887546
-0.42476738034427347
-0.11453295466541416
-0.12144698262762374
0.257056942048439
0.05104656368622563
0.30664469496630314
0.36349544966291675
-0.8003430586750527
-0.33145487882474534
-0.2806595957359934
0.10743831207917544
0.21315121930035452
-0.04473023184769301
0.2220972712992075
0.1396219049757091
-0.11361100578372584
-0.07859127788977721
-0.033044724189390265
-0.10869859918135925
-0.3030520500997906
-0.1560338250579817
-0.03900754286834355
-0.22738206815627018
-0.1024280648783109
-0.016319692555502762
0.11782454975211121
-0.08687615861404835
-0.36512565990835216
-0.478068751027506
-0.218188626214819
-0.27506026385220195
-0.35012338857470476
-0.12352952984973933
0.11048456919889102
-0.18117667678938998
-0.7180880810732642
-0.22797365582809773
-0.3453421779092953
-0.19585804787398725
-0.47343691561443846
-0.5378231956840684
-0.2445969423673334
-0.2051813032012438
0.09326198678563223
-0.31789383727971865
-0.4050769212226676
-0.059962057571232096
-0.47572126550348864
-0.8679268839260689
-0.4589034660523591
-0.25213615798904626
-0.4918142148241702
-0.5304893108160242
0.012023033805071382
0.2711677221356009
-0.12542559367425482
-0.623788498896633
-0.9720815354839436
-0.17931913612482267
-0.631144835707097
-0.7203358177514826
0.2803006167632291
0.7615699236160666
0.2649469356201866
-0.7368530311939889
-0.4870014855375173
-0.023922218866629465
-0.15647813130144278
-0.639451551174607
-0.11766865917476022
1.2310868718917494
0.7744815581693825
-0.2162490260969165
0.01817930553827338
0.41107985043357165
0.19849513672382726
-0.5552108934421339
-0.3170082684013919
0.5517144559576775
0.5788876791639966
0.31920109714733647
0.38078132532440856
0.4915208498759254
0.38257323553091543
0.27015655783832154
-0.46140462706554397
-0.12776356224777813
0.7238632428166242
0.08236934211750696
0.6316163478735822
0.6879121237597456
0.16306484674368066
0.19221281300500337
0.17940846576243025
-0.47923033616315425
-0.16681890970590285
0.32679219005546245
0.4520205860664494
0.4485122991669016
0.13804801238548375
0.10781999298782476
0.06884896273505277
-0.26640043026368826
-0.016020943963700008
0.05886058997673226
0.12600347740066323
-0.15358492750286082
-0.3743311261812514
0.16252669590428828
0.47958136898637677
-0.02875560637899808
-0.08935852620864845
-0.10121255381868718
0.24503599028433243
-0.1988108484365856
-0.09089422892466886
0.07780256921543523
0.19462872675700893
0.586339502271444
-0.08121794303513194
0.11002030687623045
-0.0519231467172532
-0.28427580735508745
-0.15501224393898622
-0.21743928494364967
0.1633798290483045
-0.1265390081292105
0.17653678032366604
-0.13735820186484413
-0.36803187786454394
0.11828836839005685
0.05936619130080973
-0.29187875323998813
0.3752801910628023
0.13199030134320291
-0.045658254598856494
-0.1165339144466927
0.006280944782672381
-0.3851562296590285
-0.5415526819195813
-0.345037557404855
-0.40458256613582055
-0.012696642959147107
-0.22228366096455157
-0.09789041649101567
-0.39447833935201254
-0.34444861771407265
-0.027056693299089926
-0.012551996635176373
-0.08977648492268135
0.11913798408301321
0.2561847414626444
-0.4085473611311424
-0.2165748879254185
-0.22392761932066046
0.1539843362592364
-0.21776630110527315
0.04269794632946748
-0.12694415732033812
0.3305164943269009
-0.30459869554965974
-0.1910096372794451
-0.1907618797940681
0.021456674536340654
0.37693073535308425
0.001692554029565467
0.33182375163979083
0.33420203305078744
0.22451561922743027
0.009983626248091643
-0.06378889035018571
-0.4469540679627034
0.36580301243622987
0.22615974610888362
-0.3870089122194462
0.12044007689059172
0.24615355285801963
-0.05323589334284013
-0.030598946267896103
0.04350544039613062
0.103147217062838
0.4057287013627395
-0.19346950924089856
0.10238396437403255
0.2941844181490527
0.11403279723321753
0.03308499273946201
0.297067930350765
-0.015706109788779447
-0.34366289662702715
-0.4176959882418191
-0.18215839598141584
0.21608315028718875
0.2770883685219493
0.27598663379003907
0.28252438038603145
0.17791420756564102
-0.1503259640763622
-0.6545869348625868
-0.7700831018163041
-0.0564978395019812
0.7315559482958482
0.09649529607301917
0.23353207865166084
0.050362644145283963
-0.3055705937566995
-0.1939125641244016
-1.1455454481946576
-0.1695576723366988
0.2544608234851701
0.6283343557255782
0.16978519042943457
0.08399410485703485
-0.045178275192321926
0.07392363960505723
-0.3652780194825403
-0.10525848460891124
0.26284223524252837
0.19636406987310892
0.31729914316129754
0.2876898341086017
0.3274001659574803
0.07274483966029532
0.2553449681854533
0.0903386675128046
-0.10176462850786701
-0.13681261206929285
-0.20153550363911416
0.1701887624133762
0.1922719527605555
0.4839917380663812
0.12415883182651764
0.26116452126261663
-0.1936157466453726
-0.3855160803490298
-0.5397549888428861
-0.012932373617773597
0.27608131206395575
0.1739531229789452
0.4891916870845781
0.0804994929516469
-0.17140917432275662
-0.4112502478517938
-0.17641641233189434
-0.1634666473917137
0.0452732158087197
0.22211978548022984
0.13102026233717537
-0.15498660084193927
-0.32948982335289007
0.3143674721388177
-0.02936493054963013
-0.16497075034051184
-0.29003015070079624
-0.11310177427206122
-0.24713624829909991
-0.2106943885259479
-0.22664428038520143
0.05840739475907999
0.06965065360671402
-0.06881811290076009
-0.5174087851853267
0.25694030530399925
0.08719237745175365
-0.13881743824769244
-0.00260068965585322
-0.07142080032873081
0.06120173923436191
-0.3073233129030656
-0.3497332443280417
-0.6839420424789074
0.5275347563968208
0.21509605007387028
-0.21914772709344957
-0.2914769936668123
-0.48659286927821405
0.008944321303443314
0.574587005441749
0.15655161862359715
0.6016790263182822
0.31157625380796466
0.30404331111749155
-0.09381715297308825
-0.02243805252469766
-0.013816775484820482
0.35906710454833757
0.557361934821215
0.33813338506926355
0.24337792942170977
0.07087005596758299
-0.04314239000898909
0.04376253709671133
0.5841011433924285
0.3329752242738602
0.7812372927875565
0.6790079955147788
0.1009738467271335
0.22578561410697123
0.42642266823897707
0.21607286598826436
0.2779543134040187
-0.08248697311927011
0.14114188868105562
0.29803315903587296
0.34712169266578446
0.18120889656775233
0.4881464574016378
0.3843478675095645
0.3871474316854454
0.2084619159978772
0.058764560190788115
0.3538433475397196
0.13509315690934856
0.48219884867355406
-0.0030274277791966274
0.3839148220017929
0.5742326842971078
0.17993845005028555
-0.30977527456757864
-0.09473119800106322
0.03413272757918549
-0.13420026719093495
-0.030636839662128518
0.43013638694177353
0.33843553776542007
0.5614100434499565
0.28835554901175836
-0.8915920811395909
-0.26291304896159745
-0.10976141141994968
0.3371227606806844
0.2253900901673224
0.13775174440548998
0.28529051214991075
0.34462300427650855
-1.6811214581021197
-0.7786797882883976
-0.21047139793863817
-0.3615302870493994
0.05409679249796404
0.5071141200902853
-0.008160976185307612
0.21023822098008693
-0.6703087483492981
-1.111848969307149
0.025772043809291937
-0.06571956332473046
-0.008834891299678708
-0.27880159200530275
-0.012515310817206962
0.37877707774131697
0.04456555936543803
-0.04668401796332271
-0.1148668032685825
-0.40054232152083946
-0.27950156988503244
0.11846976360381392
0.2005767830979962
0.0849986578688428
-0.04089939905751776
-0.2040575892905311
0.24080265762411496
-0.5225588955929347
0.03137423639114213
-0.552165635583784
-0.027276861838593756
-0.1614994237937842
0.19420506400615967
0.16027154572422384
-0.18181145321928174
0.012908764638788792
-0.15589317050728826
-0.025195069316395216
-0.2670978881701748
-0.27201556569218555
0.3104648888731536
-0.17552432696128803
0.19797858857649533
0.11032630235042432
-0.11271381996925202
0.19202691453320783
-0.2350966002229342
-0.43140861351351584
0.08916358451884838
0.04846648539399364
-0.309886864957081
0.04791918787398067
0.32370033080433663
-0.09956436455432129
0.19131199817872482
0.10222050329917931
0.270450135389133
0.05360374074592157
0.2164650482848153
0.4067917065857
0.0324389366141945
-0.2264071533607374
0.43098365154895174
-0.19890599184693666
-0.30845527722160876
0.043730416746739276
-0.4203519690305613
-0.4003848191282161
-0.15136366980595767
-0.7460784185726624
-1.114169443558576
-0.7446095242847591
0.6283440888896912
0.027627409537253008
-0.04573575101905159
-0.16580939656962662
-0.13177022854340298
0.2815221112557217
-0.036707305271338475
-0.2642434725409731
-0.30725832656423757
0.2750401579552924
0.019896765289394436
-0.040757304565276126
0.3061028872431945
0.27285340016885135
-0.050976923072427044
-0.38999028558435656
0.07191638456727067
0.1034738488720295
-0.26393180896842794
0.10980989956405342
0.04269162664081956
-0.15338073601979565
0.10924238662383588
-0.09334390223273438
0.30581903937903243
0.08836135399658852
0.4280332910686008
-0.13362430088459773
0.07642780435696268
-9.544888883223019e-05
-0.2166553189949694
-0.3567180794445859
-0.1267666991287188
0.03475506855765391
-0.09684307600831073
0.23996022765989947
-0.21974914870061377
0.37111207213999475
0.06697961662028556
-0.06280983498097646
-0.3565541921367538
-0.1847818913870133
-0.35086506540542745
0.36839491541170816
0.4763637870045407
0.661567661457536
0.025486077788489298
-0.2753289349261451
-0.2542141827588609
-0.27141467182342355
0.25727555821276804
0.24409274362877828
0.29615952029706744
0.314151769630047
0.07401145812614124
-0.18770188742273675
-0.6360533334010602
-0.13484394344479528
0.43708736600425585
0.11206251557339533
0.3189917779894351
-0.016451981585957266
-0.34139589520203584
0.1862706025282936
-0.9477509440740749
-0.1135311360376468
0.16974096940048616
0.1158883888505823
-0.029343475130024582
-0.2752496662064027
0.09785938306901516
0.4670633497256778
-0.18392790359161482
0.28927323298049834
0.07873497861710421
0.34631194510531027
0.044152571357660896
-0.11694374256341944
0.07264761195261561
0.2559733996727468
-0.22270197866861358
0.17424897219738075
0.3022304663710698
-0.03343910675181086
0.17285765079649237
-0.36147955317515357
0.4162933398731474
0.07141088954744061
0.17262025477540716
0.013941561833591777
-0.11556551531745007
-0.2334977943826705
-0.18228319580895144
0.3786850281666285
-0.1270958929045763
0.5028116955034543
-0.28673332636697296
-0.01803978921286639
0.010808169660176751
0.08011232248596949
-0.03648095001836724
-0.046700832556608736
0.392102466031604
-0.20206444934942386
0.01542647542591991
0.11130021058292457
0.009262465418828605
-0.2355902476027077
-0.047591873756705205
0.011549465661010233
-0.12714101529769875
0.031969659749124975
-0.0620609596206013
-0.0466402634780704
-0.08974142556401733
0.017995510476744865
-0.18582012450304047
0.0534881352564594
-0.253723115467404
0.05710086121927412
-3.072923907350465
-2.260199853779916
1.414898974092729
-2.0112593927544005
-1.5396235454045866
-1.7402626354104853
-2.5244923723747412
0.6479223864553314
2.25642939787121
-0.45485256037796656
0.5869469875242942
1.6501255242275437
0.5215186182108017
-0.6343052074980625
-0.5086114707986529
0.2093512225920882
-0.8715412160834662
1.8665477909000785
-1.9905478609795233
0.7375785304494374
-0.4643147181106193
-0.9783987873110459
0.6287400499924107
-1.0909325322858436
-2.0211571264052965
0.5226114071877513
3.1930215303055904
2.116005907803099
-0.672774523681664
-0.867034036378186
-1.985513443105402
-0.6279222855303456
-1.0690906282079238
-0.6338731796670395
-0.2992765016029211
-0.2424759820350084
-1.00367682008591
-0.14399190122362815
2.1162974680965374
-0.8675441388648526
1.6036449426067358
-0.7359981085157551
-0.07236662210414713
2.4587110718917273
-0.8880571695895462
-0.6325268031657031
-0.8820175875206518
-0.17954080054139543
-0.36854433400783054
-0.19298336911642852
-0.8094131189957395
-0.6684303914580532
2.2968268672721535
-0.9752500157453624
1.8151199444888357
-0.7579278511368026
1.4941498901644066
-0.7576259910586771
-1.4196451800438128
-0.6686661047364545
4.372925220797568
-0.2416753332315316
-0.7009176026535725
3.2367538913775444
-0.8529592503076063
2.109229699971099
-1.947328446762123
-1.0550805685345315
-0.2696967211061046
-0.9764265797517677
-0.6585826750738434
-0.7075150472650731
-0.9861780834552124
-0.34169321401309033
-0.560140886003372
-0.29689678106260975
-0.6901297036732579
-0.59916780994681
1.620828785360932
-0.6146967176137748
-0.55514957527905
1.45005869456131
2.123399008464121
-0.6512419494235288
-1.119376390369852
-0.5127298722386248
3.1783355354538316
0.1071937573890245
-0.5511793059528287
-0.21685376163244566
-0.5754971463938229
2.55480447587524
-1.2822652088083077
-0.5534433361017423
-0.10441145499623028
-0.6686463153700699
-0.7168427080777101
-0.5453529373049864
-0.7091463515573975
-0.10611471918385028
-0.2246595655739455
-0.3398860492393014
-0.9667488636140817
-0.6317032359366299
-3.052878780027384
-2.3145533805653935
0.12976461409589363
-0.33808740249990665
-1.7983341848558556
0.4413605319048701
-1.1327538185173216
-0.13288618152619866
1.0037309155081782
1.4574724420189484
1.015437451176191
2.783247368457139
0.02906183384055782
0.25915241539908235
-2.956883714707881
-0.2833708906504626
-0.854874664565426
-0.07519694226175672
-0.4697454464907587
1.4923355478336215
-0.7155724596846355
2.3522760016436197
-1.478056989847801
-1.283656861155357
-2.437289981482357
0.1961080857207275
1.7225994870787993
-0.6817158428622956
-0.5137184365834494
-0.6347623172960414
-1.688437604467262
2.6457036479147087
-1.0710137828258501
-0.46706807507430104
4.0012293293866845
0.3352293190478548
-0.5042046793227318
-0.10320069968867661
1.7148877857077853
-0.8423618532532441
-1.3344002485346735
-0.7674720961746024
-0.018328310601867855
-0.5614627667543226
1.672105455192893
2.268658737303919
2.0604834683380675
-0.00866264415640569
-0.2057778187845383
-0.06261605868539753
-0.8788037015342193
-0.42567938044564846
-1.5680509002257645
-0.49531767298488005
-0.7141461802902784
1.459598827863734
-1.8271477273164374
-0.568598736871501
1.260758627179731
-0.6952095827507057
2.6941562165063875
0.04453179521244452
-0.4414572625902667
-0.3802573912069793
-0.5551356843758163
3.9839232940949705
1.7327387175123852
-0.6437484846850873
-0.15128629811582794
-0.7429256239853358
-0.9634422818489696
-0.6462479511710768
2.0802799999457524
-0.22994258636974604
-0.28680022907784597
-0.25618289429075447
-0.8934759904773668
-0.8118669852131636
-1.4241253732117942
-0.7451722235751927
1.9345056500755655
-0.9172823923396344
-1.775140227778374
-0.5593717342716906
0.907556265885376
-0.4931088668290223
-0.14376929892151522
0.4115321878124014
-0.6843605773587194
-0.25979685283768844
-0.8152972123876633
-1.1590748688029677
-1.1792614147000298
2.4843814076809014
0.03496119670376843
-0.9359819943234232
1.927350373128411
1.9676856731033314
-0.8385741649886838
-0.13379552462485522
-0.2707357880858714
-0.2742166779576211
-1.0115558747376328
-0.5805704358332706
-1.61867448245693
1.5529042834352718
1.8414190019742764
2.1194781982878292
-1.65022111919981
2.9675650146023678
0.9164186246031326
1.9348104249284752
2.9447855205916666
0.4851826240995062
2.8459310259607578
4.655110954211786
0.9306477836532772
2.701976462636758
1.3252414686667537
-0.7659631719175954
-0.03524651934985594
3.4885499698904576
-0.6009050613169428
3.9423724382709615
1.9686547514395163
2.8675418359916818
-0.2914214830823853
2.9229677987790366
-1.15262746895645
2.8307966661384056
-0.3377257657021481
-0.4265625422102088
-0.21565182819060436
-0.25326661141130374
1.3464590940088625
0.1387664632899873
-0.4014233512352428
0.3482582109296452
0.5917031202650667
0.8580371660784741
0.036603998644688066
0.3530434907965163
-0.20319306650206415
-0.3325156576649877
2.5621284386509187
-0.2564171253405642
0.2150922202036968
-0.019145549579061054
-0.02710442027826379
-0.08245103615090572
-0.003924658579474936
0.1604737407145403
0.11511205639584336
-0.041513109068135476
0.03524938737965673
0.17594053438844634
1.1836284383337758
-1.1895241537154584
2.2159741959090153
-1.0189991226748087
0.47615862532805703
-0.6042720447420541
-1.2688323044561538
-0.5305226002084382
-0.2204409111703358
0.08145662930652177
-0.8454859478253197
-0.17166444877252052
-1.0383250415369292
-1.2212812963253985
1.3002213570974124
-1.0892605448007875
-0.08206164101224048
2.025963605703923
-1.0766923964978
-0.8827251007650153
-0.8747007823176478
-0.2548547165902754
-0.46613034365846134
-0.3780450514137847
-0.9322793136428927
-0.6305114359283983
3.5732025288402975
3.2701078345538597
2.478635067814896
-0.5999944786551499
0.4811356094107089
-0.21717381461192078
0.7825443446854436
-0.29548079289015133
4.004135577336221
0.48514246336435246
-0.3319877145640082
3.8722205351628074
-0.25236590999041436
-0.5293220946435124
1.810093306943293
1.6579473635610864
-0.04296924067699276
-0.5750864575642648
1.9809996909691414
-0.5466643950937639
3.115367794009132
-0.0778105082961032
2.546981592173871
-0.1920418850559057
1.9205231214787757
2.341519272464612
-1.7511616094512352
-0.8232301301595791
-0.9666226469740333
-1.0180978927256403
0.23871323240586728
-0.696997274027821
-1.6810637469005933
-0.9389735546525244
-0.31761547812035235
-0.12353717840569495
-0.9682017380890915
-0.41141312334758035
0.8523815408787475
-1.3442092270701294
1.7430153557998849
-1.2784649253297575
-0.37930196620875795
1.826560172928702
-0.9936975749858116
-0.8726191100623234
0.9065498945261793
-0.48362651108481763
-0.964479794651295
-0.6879014873253894
0.8872546548967231
-0.7645401882349087
1.1515138482730216
-1.5166564709520622
-1.769982930118393
-1.8843769720918053
0.23674991337081913
-1.40535094929032
-2.2739981972254766
-1.632053116066506
3.8573749680169374
-0.5592655752413659
0.4049616595506324
1.344031421533174
-1.8370935310214027
-0.03546739696781131
1.5291223650240242
-2.049038933149376
-0.8017016174041784
0.42362017062986096
-1.7635973459072645
-1.4430487516498207
1.2316382672684965
-0.878356096725627
-1.312893101151209
-1.257767270405841
-1.7679181696317747
-1.5481781272393322
-2.513595798334291
0.5635070345813107
1.4993269885420486
0.31536163366396924
-1.1708830092144047
1.500866396934499
-0.41617041810152394
0.5753776959632477
2.4592190394182483
-0.43173567623447945
-1.736333156428541
2.3131937659923554
-2.230759378511558
0.5450668961139123
-0.3375316729580956
0.366163310517974
-0.8284562956919242
1.9524670215160285
-1.9958903405192303
-1.8283147539952445
-1.8590441327449372
-0.8571617978539781
1.1913120175606582
-0.8350473247322139
-2.0679682674412727
-1.5083573784291446
0.7994703526526026
-0.7623578789737622
-0.8085846884976253
-1.238796734605267
-2.001025908129195
-1.039373177144684
-1.6350412848151392
-0.9294314239585312
-0.4442750175591723
-0.07520798115499495
-0.8344790650296775
-0.2765403546381169
2.6173180830307614
-1.4137887290466944
0.6735790072966197
0.8312229840525543
-0.36527202058826597
-1.1591439277541686
-1.2204332707679875
-0.8143532233921862
-1.2159755930950578
-0.3842541263985161
-0.5970877256288675
2.3083658827533515
-1.3842781515398457
-0.9630590985145199
-0.6127888370210117
-0.27044204256122983
-0.5033673346279731
-0.6820300517968888
0.4662214586814167
-0.23373204303354164
-1.0477204106728972
-0.26042063539752824
0.04493884854879451
0.1729293910924782
-0.24167858104790926
-0.01739799428471615
-0.5161156813479333
1.8549183098976882
-0.5633546202009272
-0.4774529261516181
0.06653880586873803
-0.4310059297803744
2.093517667291428
-0.4924656205019463
-0.46240860132739
0.08824748534923346
-0.06111978502868328
-0.06108036609299537
-0.7184735432274447
-0.2982394958487653
1.9281112883094598
1.6567037497414445
-1.0084019822509935
-1.3668781024072105
1.5261947396076143
-0.904086992087017
0.5135378296313557
-0.7828636735844411
-0.63508446730651
-0.09614780376631206
-0.9131538163315287
-0.44598440927105787
-1.361682181260971
-1.562256899739992
2.300004126192896
1.9978951553314572
-0.37673021832432857
1.444455721789102
-1.3193017378492726
1.5956593294914352
1.5944354223483506
-0.39746921152114
-0.5902398392092832
-0.4879142862752382
-1.1142786723798013
-0.86069521918822
-1.1382269557607128
-0.7273083792509115
-0.45068082210147714
-0.5880956163934047
2.121767869338813
-0.3799283243716376
-0.8217586734140928
-0.40581751778486974
4.531988693015901
0.22580819231080143
-0.6695342361650941
-0.17507986270602152
-0.5807482018876021
3.1931174090121197
-1.6122048553165411
-0.5010292620854389
-0.005620322776557684
-0.6370035834434497
2.328345243499402
-0.566544064233678
3.226141838789851
-0.051120070176629895
-0.23597517615204514
-0.09883703452240483
-0.6214839017867194
-0.5002968504280272
3.546548209180156
-0.8366087840037226
3.289295986705616
-0.5476436276183598
1.6283395028598033
-0.5103369891402914
-1.0453133417042766
2.3844188988739634
3.643625607371841
0.24844221225140528
-0.5643997864658395
-0.21427864287857895
-0.5121536190875309
3.438343987990919
-1.4255886513848992
-0.7615465463844284
0.007784910850085407
2.314809935351387
2.689228131607703
1.9338180776576677
-0.6083536819682551
-0.17667110581393752
-0.2419505963590556
-0.17240348251772755
-0.8311038286753806
-0.6347581684409517
-2.3075941990921156
0.899453784208733
-1.5845377660818103
0.011447159412603818
-2.5355262486759504
1.1058004821963494
-2.505177060753086
-1.0811328687878201
-0.8459560804771256
2.0934324688255077
-1.1519441756621973
-0.6986348432278271
-1.5820111777699217
0.3857646734671231
1.2351334139914552
-1.492995262369262
3.2567884262843205
-1.4894570291228924
-1.6847014590350304
-1.2852911858895013
-1.857072029835777
1.5195063272920406
-1.1139229747341743
-0.9895806983335089
-1.4321993347567719
-1.0310764863736381
-0.8455020793477374
-0.3619624200559695
-0.5408338912915781
-0.6298311443418703
0.9793320539591085
-0.07183805187447442
-0.9825582336892964
-0.17926965625577018
3.273244394562702
0.10404988451975226
-0.21720208747330802
-0.05104724972679279
-0.5307841954280254
1.7540163449506943
1.990650970642676
-0.6012754198484455
0.03231253561770071
-0.38191033455460105
-0.4126839784271151
-0.37214152175142523
1.6745050503597516
3.8373376997698068
-0.0007901759851022404
-0.09426226108360647
-0.3652254321328569
-0.14859876419740087
-1.0568917563619578
-0.49036372773130105
-0.5727158629306428
-0.46928302898528224
-1.4812176290760273
-0.2670849261183482
-1.1750744254122452
-0.2841158733947518
-0.002601426729279625
0.19832570155976553
-0.3575974809330445
-0.03335418888084424
-0.8304817030573316
1.5515753214132735
2.321877718291893
-0.6393770468933682
0.09668220717095642
-0.5657894046459299
-0.5756002995267441
-0.3759981145617042
-0.8864469177421732
0.11646964772851964
-0.20969050143870213
-0.09974740421354736
-0.444594902393166
-0.187521425831932
2.5262809346218518
-0.2168151419942413
-0.4218437574168842
-0.4606805843422828
2.132399080283378
-0.053162833824098574
-0.8491713030235817
-0.05243450729592781
0.03867934204232912
0.11081783732254039
-0.1400715074321493
0.004891155426426784
-0.31431114424712114
-0.48879979499111287
-0.4130844099447022
-0.38398928603467974
0.14632408876148148
-0.2524768777077728
-0.284099919289066
-0.1777058391635382
-0.2821046042384608
0.1279213571524297
0.055086762873520816
-0.004808201479272718
-0.4415357592092871
-0.2213451967359073
-1.037103623742397
-0.6480990589884538
-0.5506544399528353
-0.7936071309195949
-1.799246464767276
-0.6033133778931955
-0.9970512747228761
2.6386852129335394
-0.02846074835224497
0.3173007765923668
-0.4839615440664493
5.611634640433466
-0.5682126125333681
-1.1860322353592458
-1.2345495887123046
-0.45950949061321555
0.034563296545831054
-0.396079643222704
-0.9081154853581185
2.704336916379752
-0.33541615401712555
-0.1443727621050633
-0.09689484821265747
-0.1440944298123237
-0.9690856977793626
-0.6603463905481409
-1.0868567708980352
-0.7461911383648865
-0.5115816299872862
-0.5072571596855919
-1.5170644964770834
-0.27404206716621293
-0.7458000477289322
-0.22405082827989112
5.276439047401515
0.40465616538398014
-0.33876444006966944
-0.11500847675084411
-0.6325652315049063
-0.6826365812307718
-1.3247096124810704
-0.47367575620553026
0.11108240033495055
-0.5060574355626463
-0.6389859244720085
-0.4667163127116662
3.0547160656763017
0.013461719404393668
-0.12250710255128765
-0.09686749360106674
-0.4842177761253089
4.136914936380325
