-0.3277666552351253
-0.4975674865853951
0.1889264835778471
-0.10218883471330785
0.09019176765051483
-0.06552191893576158
-0.005575271583630952
-0.09525029222406337
-0.4769566118739572
0.381472841238142
0.36637675280775867
0.0855767782291936
0.07521350148054967
0.15510482157466493
0.321189496394953
-0.10582303687506635
-0.5513935607204475
-0.049769833388945195
-0.1153668521437857
0.09977234011229776
0.10919210101921048
0.11434392858873851
0.010774275944389164
0.10423088082265172
-0.3920138384487641
0.008795471097571856
0.07723203644681773
0.22079250110333862
0.18351190704051568
0.06802732393531877
-0.04344959367313639
-0.21730513001491428
-0.5926517800947191
0.16641811253686725
0.11414175937582202
0.08152794262577494
0.2650875098286532
-0.09419106754863968
0.1230713313942641
-0.0717149670844692
-0.5595737592610593
0.1650578237540958
0.15410241696618204
0.235391784224663
0.09197892322213734
0.15489773719888472
-0.03217054293274411
-0.1495265884686482
-0.28790023856537067
-0.156762136509128
0.1882825898752283
0.1561814086578616
0.042356353471047756
-0.10395577353493071
0.23013921692527728
0.06245749468113444
0.4190870085517417
-0.3220745740407324
-0.09255609875174352
0.009495786345196836
0.219329727287684
0.5234494200906157
0.3427881335070302
0.29870349956036374
0.898047546702916
-0.2039808359952534
-0.13596377993973746
0.3531376569087627
0.41802981589892535
0.4739318597519102
0.7007725264934845
-0.13061007036851532
0.7940317857601844
0.12948246225239113
0.11608301775202781
0.0028471169971798996
0.39824616417394176
0.6725546360436039
0.38617162858900783
0.21954051050285886
0.24657309919036727
0.1607230590076238
0.006351403686206855
-0.14126763619789884
0.09777548075761205
0.1825858668804822
0.21841419727443817
0.5359873091405325
0.10590008661546703
-0.03141113363250674
-0.02850776494383973
-0.1886613429054497
-0.05428100633232836
-0.15063866258734002
3.412048626822914e-05
0.6789527102286992
-0.012710579902653289
-0.2746943451600227
0.03109540318053766
-0.11236683807759348
-0.23453324109786436
-0.2904067970136353
0.25078633806127065
0.5220462684750132
0.46309502010162407
-0.10533271258867928
-0.1876975595934036
-0.0922437071731353
-0.30541524248350826
-0.22472877786265202
0.11580719289146028
0.45345287618869945
0.2965076604373099
-0.2996333236223893
-0.24809151580495625
0.009292102265399562
-0.43640715489519627
0.11580157621831642
-0.44130136834145434
-0.06642742395311818
-0.18041828519103473
0.07228566332396509
-0.5900961872489723
-0.2854000684120938
-0.0847279478831866
-0.19717411817703917
-0.07994986332368209
-0.04398404536245972
0.3301905692436302
0.16756254241662394
-0.10326911205826009
-0.698987398974653
-0.6047073967722557
-1.196694136138479
-0.850451987763462
-0.8577596503481221
0.05269460886507725
0.002876015235473285
-0.5477875363747605
-0.0035993475475405894
-0.351372462729373
-0.39667207204625665
-0.386898523125606
-0.40861770920959045
0.20850554728126228
-0.002066010635631176
-0.11813002438816807
-0.33382688064293137
-0.02068205488701345
-0.5130992381935712
-0.9242036487217296
-0.5913656691772106
0.4395894189303485
-0.06466863349694395
-0.18012757317494724
-0.28585302280115
-0.28247742528444136
0.05917281024976628
-0.06937791905002345
0.023229053986374128
0.09057689603890356
0.023735510466730197
-0.17469580995521874
0.12528996465737122
-0.12044930805000406
-0.6314024570412987
-0.33634260561550405
-0.023355882717641326
0.13590133275640776
-0.3285051183914489
-0.3989264599622573
-0.18465079697216502
-0.4968269583048877
0.1912217250579566
-0.4666736775089395
-0.6064410570302762
-0.4459886124273749
-0.15278691806911715
0.05575804702268452
-0.03425500070556044
0.16526268119498075
-0.1464885857280739
-0.062036591708734976
-0.7916189039977996
-0.26497234771519135
0.06049697842029284
0.2068265611470055
0.022722244169466964
-0.17857214531644566
0.050623148775197004
-0.08017641084197707
-0.592697467764917
-0.3119940954953808
-0.10701683831413586
0.008393326040596397
0.3458732437088025
0.07194581092138799
0.09393698301274131
-0.006638275096577669
0.3024692056249769
-0.48345064403707266
0.17832591601719555
0.11204879883008734
-0.04130808706419734
0.3109526687394487
0.13782865462552635
-0.033013592740139736
0.7631300187420326
-0.14721935373021539
0.1827584482957278
0.4496650235116994
0.0172606956307306
-0.28244123663543946
-0.04201439474480936
0.2879502541733696
0.7151058398438953
-0.19305866949601175
0.22559132125037598
0.29024667021154144
0.10327387931396761
0.15685892035900698
0.4589234168415827
0.2468669723527173
0.7471868477471838
-0.025619705510608933
0.305134028016797
0.3087577235809828
0.5527138681113817
-0.08641136825201132
0.13244138548424966
0.2794724209017428
0.5188735215041791
0.4300083241400547
0.5468073549898917
0.7197324488098372
-0.01977280915103488
0.13459586126592968
0.29131124307705464
0.17460891558423053
0.19439774056476739
0.6511769528111464
0.32613162069366625
0.6744088594076212
0.1276821735275059
0.24133452477340114
0.021973050547980395
0.49682309675210506
-0.24594684276732243
0.5660737828132603
1.1664577000683818
1.0008093735598154
0.5495949429595985
0.4639082076617874
0.10556948657813149
0.20681151710075107
-0.6148051226500653
-0.5502257895706831
-0.19044641533236192
-0.3225919322701461
0.049085046272477326
0.42270169735279506
0.10690634467192203
0.45167874663177093
-0.4014352662292425
-0.43722594541945614
-0.0947453352656246
0.058501631060859594
0.01808325373192782
0.053499714594229746
0.2602714170484667
-0.11862552626801863
-0.18465283613898184
-0.5044112284542903
-0.37268823432361264
-0.11334024181961186
0.33639409778943064
0.24755788483750177
0.23303069974204824
0.05805457137054336
-0.08884592288659683
-0.5398050447525682
0.06878150122230021
0.30736759114368967
-0.07753848381573296
0.23059547186394763
-0.09251381875315819
-0.20981631149513608
-0.12053418794389381
-0.3715786731882714
-0.1955066203843626
0.32940638482545354
0.2671265349382536
0.1163431313561187
0.01035411298488843
-0.11094405342531362
0.10548364923566222
-0.3243867204199762
0.1371736403238634
0.3088370433294957
0.37718963929603183
-0.07917624075312932
-0.11105716305352113
-0.21666723228590826
0.12811899101946223
0.02077539068149127
-0.31752563727051764
0.05706366767595858
-0.16268814457302827
-0.4888098858039477
-0.18569728117775383
-0.6229047153201556
-0.5819114929055569
0.7628152612530791
-0.16374800606192672
-0.8112856635180028
-1.2505117121575686
-0.2441672651259767
-0.4696899177574147
0.45056259773503476
-1.143370742180022
1.3916080828519775
0.03807046542516791
-1.7559325862568917
-0.9420779510150875
-0.8074608888318722
-0.7669943800281367
-0.6178131848733035
-0.30203295873344954
2.051998183932064
0.7067109720170167
-0.2721170774306486
-0.4294046456794699
-0.8024675586878569
-0.5865396686857058
-0.17917289685987528
-0.28065199208153074
0.5555425471409664
0.23183983487655235
0.17352482225847585
0.06483802324598367
-0.006345070683982076
-0.07988921075888214
-0.22050460469206007
-0.03701826563343834
0.0029412134409646795
-0.13125856835598707
0.17565019321127795
0.20553850209798916
0.11127608419042526
-0.03333301062405753
-0.31664112646719805
-0.4474211216957935
-0.3185469684032015
0.0403039950327293
0.24609100086755742
0.15577968985928703
0.1493800736243796
0.38877871935284175
-0.2192290728358492
-0.5555323211881661
-0.20839097121551875
-0.05791984080499205
0.2530341821336215
0.41884503494654174
-0.12635079122083914
0.27042509104652424
0.09307767922384076
-0.12578461021163437
-0.22695797497161643
0.16698687711418114
0.34368938298379337
0.03680554168519205
0.43025408748528493
0.014893169214010345
0.2032622913100363
-0.35182479149828333
-0.424418637939242
-0.0927784919288976
0.015208686434029464
0.5266289885394776
0.3515546526910237
0.6743150569287687
0.1931848599740548
0.006139931613942237
-0.10443985482459889
-0.04941663356273514
-0.5580781882411783
-0.6343147703267592
-0.18337596852962512
-0.3103247167439359
-0.5274238146436678
-0.2523237660703139
-0.16465017929982878
-0.3807823869669569
0.08139878358279959
-0.1481931058437795
-0.37011540027550915
0.05991481768356599
-0.44996156986269753
-0.18470216528901007
0.46196226003372814
-0.15882801728987983
0.15155512169202767
-0.242590069920392
-0.03886997485586079
-0.251234506135258
-0.3435493730605029
-0.6436830530638339
-0.6852875201154752
-0.23273746946376467
-0.4400100579137254
0.1486970591046325
-0.2922796802340464
-0.2463339886749622
-0.18042210470555403
-0.3061264661330203
-0.49522869879525544
-0.6777368965532393
-0.5458666101707641
-0.21266774670899477
0.02565210794681378
0.031463204352660167
-0.14221036294976655
-0.10979815645871405
-0.9329441295162664
-0.2733375910545868
-0.44934188182009366
-0.0019082602337829727
-0.2644061936523206
0.25526832180579523
0.1510790620797427
0.09869312841907332
-1.1738055445066118
-0.32235161935361617
-0.3932268223208246
-0.011013324594344828
0.13996628681113382
0.010833794313660987
0.5009402821063539
0.2479867413428839
-0.9529427933979858
-0.44265776941610024
-0.48429947351587666
0.09005691756554975
0.12394770304901673
0.29608518072676376
-0.15058240931370787
0.07437143663093954
-0.3094997420575623
-0.15742216690422747
0.00035457810706634833
0.15499096424995698
0.1134813519157662
0.42001375832242877
-0.17097513941765718
0.2547750485842762
0.06860579270259258
0.06616244970173349
0.032973057589172475
0.10322381104624882
0.3183258514019658
0.0566219356903888
0.24868332601962825
0.18204197138928224
0.3472801375595954
0.1212192356375516
-0.3710130428067764
0.14712280098759492
0.557618753238124
0.27142182068540377
0.24021629777438458
0.08360150736717283
0.5327409266539129
0.510364278779259
0.17328343292315534
0.008417430215014378
0.28270182788622783
0.5992103113880176
0.3014998989032571
0.15188123883310026
0.3394880034208072
0.588015029785833
0.13915869110996834
0.11850826788275814
0.1417598480124378
0.2765867689996161
0.28946583071043774
0.574685516227738
0.6972232560763121
0.4744017836213405
0.5806443128372046
-0.1907383557998023
0.08780242047445713
0.5536287383880847
0.12612472220266674
0.47353335403276287
0.162111135949934
0.5966421223863408
0.48879832936231515
0.1284692688221973
0.07838634151533
0.06270184607753058
0.5548453920507235
0.4259684123995242
0.38194104251993977
0.5391932943631755
1.1789618281306085
0.49288870045576616
0.29845984611782606
-0.2464276750241545
0.09434511969088605
0.5298059459438406
-0.5872037889465593
-0.5155030763169554
-0.08516337334431269
0.286976400192704
-0.03270274610999603
-0.03431300406068131
0.653364059610117
0.33415898198403443
-0.5008657839016325
-0.1271528064468063
-0.201900906056735
0.3878086426574294
0.11382449638604862
-0.061796771688269074
-0.1481243950635441
0.2035174364725492
-0.3365552420141567
0.1993695219175377
-0.07483905592757371
0.004940640920000239
0.31132174810770985
-0.10723058745832757
0.4296427062393807
0.030806957675432747
-0.33154283276357993
0.19930651018704562
0.29834645477249827
0.31612362127864735
0.05634594653842773
0.3474921902839999
-0.12151228014818219
0.2751342194719612
-0.3966604041329743
0.28610806881682305
-0.013362764657060171
0.27253170716277714
0.34961677345731035
0.09539044255864355
0.12310227051245716
0.4856077063960111
0.2615612225455302
0.27975679304655854
0.3690686561968667
-0.0206134734694995
0.19641899693831746
-0.06972843238146058
0.16762096923571843
0.15521145450608076
0.467827825457483
0.5285095890233765
0.3692655301596207
0.26577291370402634
0.03858367523597801
0.12658962180237993
-0.05114414087607033
0.3301788524533452
0.9858931169010132
0.6570211458809436
0.45054009402742123
-0.08069838661994322
0.12924895383630985
0.18186054191142279
0.29161714907479735
-0.3618441050796187
1.221042273055447
0.6667020435779477
0.5483646652123144
-0.0022860443965633933
-0.13806488496866684
-0.06110974594657663
-0.42412493322689276
-0.827609407876795
0.7348996969649296
0.42750364951579706
0.19190740922553418
-0.23566261093785534
-0.4521553474852176
-0.5707911018852335
-0.5137610002324116
-0.2578810314760064
0.42858177887374593
0.15894807601971278
0.2823864793075112
-0.12242679398743014
0.11401877126707358
-0.2471343976615264
-0.10150827561004867
-0.05103951090060803
-0.3920241390233867
-0.1873106323812154
0.11057563262765256
0.22443875364668256
0.006829000098150745
-0.022673545018798404
-0.030908379421208075
-0.27023713997046256
-0.39575360543326915
-0.0955631139765454
0.002399632265569632
-0.11591627367431466
0.20064192259545124
0.16781601966854398
-0.18794266676939517
-0.26636148395691156
-0.669674351191861
-0.02667024589260375
-0.09108814852172298
0.1391507881870359
0.24840739876127138
0.2720442131951345
0.14005774838502755
0.0770954176431419
-0.28168688259049973
0.15378454794749785
0.31734816684727146
0.05103383786202682
-0.06500701655954247
0.4399156021240258
0.16901691148367376
-0.13592074756517797
-0.4486361653133567
-0.5322574002449977
-0.2120279409325876
-0.013082726770801363
0.27590327035241624
0.3328868112806329
0.3347156185616741
0.5017371249876467
-0.5445242311022351
0.04527957161674125
0.1030504398673364
0.6329082476485891
1.1359929020291413
0.9851623896138484
0.8223933730309846
0.7356127326959081
0.2901198666577199
0.002901260857402696
0.5117832052344573
0.023583405259754664
0.6460370310534554
0.5589890799368129
0.6687374535324047
1.0222802528081243
0.17468329867075308
0.08346139074964716
0.1416278456721029
0.5974744774809343
0.3885019846572955
0.5368721963169069
0.9152792390567216
0.6607170557628719
-0.1175477953789554
0.013805817342632504
0.07976102028802994
0.3383785418787149
0.25237678972263516
0.2728236040215005
0.4021473211985304
0.400995229977292
-0.42835147125118794
-0.32952669013820696
0.15949331424942026
0.25176464569007867
-0.13917479491905355
-0.21433907301191507
0.18177970912756355
0.1332512788164667
0.1410201623901664
0.156883862882738
-0.0722262166556063
-0.44261614343923994
-0.18684341645482905
-0.983442743606557
-0.45821660435405276
-0.15049650533189893
-0.2615968531307676
0.0883237380396058
0.11715607216134225
-0.16508084483715413
-0.3311193675226897
-0.6248335676791206
-0.5593093426284598
-0.2685215467935277
-0.131221823717612
0.10204869894372808
0.41436719479875533
0.4391573538729251
0.08296885715277066
0.20288948378128555
-0.28748670087698563
-0.18970498981939365
0.6021778029687134
0.5719777206859742
0.4185996516818158
0.17623392546861028
0.05356875101169331
-0.023136247391268624
0.1311895271169688
-0.5904375784531749
0.16586129489407836
0.4446389637607698
0.25432397970600473
0.21740257976848198
0.2545165120207422
-0.02116880608069467
-0.4315238512286671
-0.599019904834906
-0.299447963556605
0.37468828374551433
0.4241457583327555
0.10568620518545874
0.12486943504185459
0.1237055043316091
-0.028161971689484665
-0.8613006230388525
-0.12233991062369529
-0.18610879638821304
0.1715993936750853
0.1407470904718395
0.024977978803963633
-0.1339490280579166
-0.2506314630176753
-0.1544246207733265
-0.9110017623561725
-0.20421195675595716
-0.4322330345463439
-0.12989572748126837
0.006325485122380515
-0.3213226418577132
-0.08735512389384327
-0.07415175893656756
-0.48819869220694756
-0.8439579308433295
-0.33249326791860057
-0.20545380982479225
0.03680276138803885
-0.3427917685759252
-0.19828063840543708
-0.012382562237930555
-0.4794510130083437
-0.25251795818212014
-0.5225249934350918
-0.14199777293582677
-0.1554335942953073
0.13911691985803018
-0.2813014817236301
-0.28642500176040453
-1.1404711153599159
-0.9931920917131292
-0.43019387118130353
-0.6921009281192394
-0.5714644465785429
-0.43124496149389885
-0.08398195181283236
-0.010502715347726201
-0.12947461206194236
-0.029062071974595132
0.3958770079342543
0.23801123449190925
0.4789092333943355
0.2621479191548844
0.23403159598662665
0.15665379219305942
0.08427114740277424
0.2289886083572519
0.28975572873199495
0.33762251890070466
0.23412735239794388
0.05689023452441827
0.26730586819253
0.6009795138354808
-0.0045340951348591604
0.32778422107262095
0.3127657701303378
0.20709496634209343
0.31598998009800844
0.3466261853050515
0.20176755021374393
0.1374961987807604
0.675257943413717
0.25191266639006227
0.47290424735307085
0.6839950155855864
0.057299216031335476
0.09416176193129318
0.13514375698209358
-0.010494062891717237
0.1725503343879369
0.4321563151012503
0.44003383158515763
0.30151634916041625
0.5580854335480709
0.4916374041503713
-0.07781670146720371
0.03618575619989978
0.04686839085011089
0.1858266881410486
0.3397948533051267
0.20086436248592557
0.39690334242837566
0.41969651726410423
0.5456302887867382
-0.027922611810890032
-0.18104567729209245
0.17292533103721042
-0.18078821205616372
-0.03563726240378096
0.19740421686083412
0.32243793020277994
0.3987842213244905
0.40568468140588554
-0.7029594997403351
-0.2555463660572281
-0.33769392545741517
0.045248138015571183
-0.13226041750883274
0.02791260665385879
0.27034070886709455
0.511576064807647
-0.7408795115513711
-0.8275309522522969
0.23006862887654553
-0.5378740062293329
0.13636370612401721
0.39463336969072343
0.582503318175888
0.3967239141047181
-0.410792306332127
-0.6626903063288452
-0.29038790973844686
0.13400476327344035
0.020673069595539797
0.4725231154888239
0.07592284729464327
0.24602738949481717
0.11672181903316281
-0.494983713843684
-0.3465779102217445
-0.4491783684289859
-0.057003244876896314
-0.0874396787782883
0.2356453321880958
0.2540887350435455
0.20781820084480204
-0.09499155171564755
-0.3053539478996421
-0.12428699257366874
-0.36036132402888754
-0.01788905044455505
0.048561849251835945
0.22681035786014467
0.053465218543894376
0.15471069263147919
-0.09239924495211883
0.035356102000669104
-0.05934762330759124
-0.14883794880400686
-0.2759841254627822
0.19793331236984288
0.029283845386892854
-0.04113285912891393
-0.0369625821295635
-0.02401986209992045
-0.07205955876895126
-0.09941705709224749
-0.12951810066920538
0.09783153162934383
-0.11671434243673294
0.3723744230560343
-0.06817552412554491
0.19792179173410554
0.10170650590470298
-0.3447108503883578
-0.16767193555372525
-0.18811697085635376
0.04181888720273015
0.06335287457167542
0.3179949695194211
0.25402742601531164
0.4125669851899096
0.13028323468811784
-0.00731564297555674
-0.20267679017218515
0.34651631243509207
0.41209172996724974
-0.006865770739625736
0.11315680201138008
-0.13610945978626005
-0.5450071844081736
-0.42074952625783574
0.14491994330369176
0.16328637001321827
0.01932972498794466
0.33943683530104024
-0.10142988784680763
-0.37966437118373375
0.14493323119961216
-0.541192780821122
-0.4510007015744967
0.1050590835318066
0.22737407761944614
-0.236176134707156
0.09158629042473752
-0.7193031305854731
-0.5008313645902155
-0.30747906471048575
-0.3033033874961657
0.3660627186259443
-0.38861314528219604
-0.2563019822172432
-0.3052219926653373
-0.35469863240381777
0.13040831776971148
-0.43332845344196397
0.24041269032442159
0.5392913725892418
-0.036035248262415054
-0.36336451561749517
-0.45392915961572616
-0.6766439616278049
-0.4466858170621268
-0.7280393673334595
-0.14053932868757402
-0.23057017629270837
-0.1077196067916144
-0.2548704270377312
-0.24193899408186192
-0.1490422780590883
-0.5050614222531554
-0.2554733773819933
-0.5242727468861054
-0.2505999786016212
-0.31037514369439617
0.0946847732542351
0.04547621972880748
-0.434502958091323
-0.4407520195403068
-0.24805988501516985
-0.48058012711958487
0.23043282736258716
0.017411663278523667
-0.16650511022354608
0.04009411686564632
0.27823642543836175
0.037726435038575715
-0.16626162334376382
-0.20229704453848704
-0.21857514760271057
-0.048078102975173835
0.21637493533614943
0.12626188730739082
0.013708088793273504
-0.19194765700476954
0.35506020528154475
-0.2956666540797598
-0.21488695062414995
0.26034234365955466
0.5950335424498038
0.0008621339673161837
0.17686121241149186
0.02500064156806458
0.09451686365333709
0.18574993955264768
-0.3211902771594184
0.2135219626556916
0.5437260675631752
0.21534173725686057
0.3286320693049216
0.13494280288871605
0.5768932971945381
0.19404265263162493
0.0015866409460441227
0.7778006846442075
0.39019740489089594
0.31262148374207804
0.14101652384513433
0.17364684061553315
0.2327639900552401
0.4264327040519734
0.15820872530192376
0.618003004915054
0.4202584561153513
0.1108974113003836
0.14681240447860525
-0.2010982555643587
0.4710780860340814
0.6362938140893617
0.7632898880921432
0.5251832254807753
0.6023625365007663
0.12217817438926733
-0.23186449614008997
-0.12945603196060107
0.21334377549659897
0.5165338037480894
0.5815574266969323
0.4030451542126801
0.4786692478655608
-0.13913398024786677
-0.8827536653707683
0.07970866926393998
0.40671762421271973
0.36401708848302594
0.2000581510404965
0.7543528059025749
0.2914983289704986
-0.7968110150011156
-0.9646065323949705
0.46939720828850523
0.6843749985749868
0.46796663900321916
0.37545265320800525
0.9464481315650626
1.31654523181138
0.7155109422535049
0.7284716329068047
0.6078944163280169
0.5239532288666074
0.4314306914428451
0.5107394939790327
-0.03173941124034933
0.3331985652473519
0.34813589455317245
0.5273773603378377
0.11679008625904118
-0.03374212236408656
-0.2652804794449037
-0.07988192970470995
0.06945162712718161
-0.2484626413191989
-0.348702040517635
-0.03456447905124439
-0.3622491079939614
-0.6819182912246572
-0.5984498593242485
-0.8358981706509814
-0.6966541675658929
-0.9943788153557431
-0.9070032700274473
-0.3904382851266975
-0.42280246518661935
-0.07024500587162671
-0.043298496740305774
-0.4346621867661028
-1.054078785759079
-0.6716647423854536
-0.3980067917542994
-0.7084583915977639
-0.2913385557715216
-0.0635521252453177
0.32910579874082124
-1.5484653444662981
-1.4441989485036297
-0.07372813793664425
0.010838993095742953
-0.004028237276160249
-0.3036929763854344
-0.4285979459070958
-0.3999214883526255
-0.4815756856268441
-0.17824391594129146
-0.19707779868287112
-0.3233724636341259
-0.12039096761155306
-0.2291910448205716
-0.7752482615608347
-1.2375253312272618
-0.13776625575677753
-0.02401952075989463
-0.22406745341790776
-0.038499862638925006
0.06206746639576865
-0.2866451582151863
-0.38613354074511674
-0.9445643366707352
-0.5162632065722371
-0.4678855849900411
-0.023905267691268748
0.06399226629170209
0.04338167271347294
-0.355961362111823
-0.29789927358065016
-0.07957162246764743
-0.6449368766877575
-0.2693040279169598
-0.08610804760135216
-0.12594933284353763
0.1855936400920107
0.05343424980151113
0.005370269491003117
-0.07730620338946295
-0.05981752865699507
-0.13934682681266308
0.21626032469639353
0.3638252299425509
0.18114141790641028
-0.12776086198911962
-0.5094693791555848
-0.04637913510581226
-0.23474020767390438
0.242837702078809
0.04310421907394907
0.05368708791771862
0.27242078702016925
0.12915782259994296
-0.020576455844337486
-0.08080600495738607
0.23705126863364573
-0.018157356924318913
0.4361551767001378
0.5208388282983019
0.2820877373659025
0.0792795292969125
0.2545769283574249
0.059845832065430246
0.17267639124587233
0.32502799386807385
0.38472893553913007
0.125520086885431
0.47409928639167487
0.22456659975620355
0.0803944036011581
0.5140989953802235
-0.011133677539316277
-0.08678784148594702
0.03764977314871211
0.1363376147248869
0.20416942329588236
0.2613183335640432
0.3379078978149089
0.3832344270172268
0.29388518024358146
-0.0567541834934785
0.05555350029844133
-0.1434328025873192
0.4051735051356243
-0.0008022746729024286
0.2063888791117356
0.637584906490713
0.06867254570102237
0.21426230557794698
0.2503637993593887
0.23017685240972585
-0.12042036991189055
-0.10226121666392433
-0.08584498709272285
0.20822213208052354
0.16123021605194604
-0.3321051088379358
-0.2686614982559164
-0.39867004984549864
-0.1927799328407873
-0.15465571336349784
-0.30292959714720824
-0.178092742219409
-0.5703378536527626
-0.5128272731371593
-0.33207409215896516
-0.4052415868877967
-0.11976538135476837
-0.6624451016706445
-0.38177716178785426
-0.23036953092793216
-0.16584934012852737
-0.08401092011507715
-0.1081053596246144
-0.11612271401366517
-0.1861665381952513
0.19385857074770688
0.29955367817537276
-0.2449464294554826
-0.27256823916248946
-0.1090894831264333
-0.09337973145913088
0.2545044377583262
0.06937982116571684
0.387256246722803
-0.02799725904687604
-0.45608009666371024
-0.0842487601738448
-0.0959864187445152
-0.12282553968458051
0.10471791647553311
0.05066310350809377
-0.13078474053906564
-0.04026197858344633
0.1315052443605255
-0.33043283389156247
-0.31380868757849123
-0.1992185681041569
0.20529869673455797
0.3020644592054627
0.15677458017088017
0.048679438796261874
0.15822306012778872
-0.3548470110502043
-0.27597207461128315
-0.4193346629684039
-0.12935941034697576
0.1522710469084199
0.07831906817569373
-0.019342244690372906
-0.024788680721010474
-0.24968963733145433
-0.404127654741247
-0.6365894679636525
-0.08096911770699708
0.09563265199061234
0.19571636942338844
0.13189402307180192
0.16976898195470722
-0.41302173212222765
-0.4352232979711024
-0.527536514582245
-0.015892137902096405
0.028607210304541695
0.047691464635257266
0.31922647650977337
0.15510394762239552
0.055753221745698495
-0.04872384035633746
-0.20101284840177436
-0.43323723379489054
-0.018488390583014946
0.13642362356976942
0.04288413730886988
0.2556777855602881
0.3362067901246451
-0.1462884712503661
-0.21983580054458082
-0.3377204547581911
-0.12196997964526972
0.3741687738884978
0.1423288416985885
0.5343058601283847
-0.1504081940932992
0.05662129274267935
0.0005467131695253962
-0.22119114611268165
0.026776618985878648
0.0790706296887823
0.1389552800127678
0.22941270081255194
0.30384444244567277
0.16290331858143242
0.28264500351808414
-0.22207810042846068
0.04761071512849905
0.043506711624115395
0.15196016543613824
0.12138579463572444
0.0643680551546181
0.1551670559997983
0.40675255988786013
0.4766105735715011
0.5094611069487968
0.2001616751792377
0.4059738753751207
0.386183506068417
0.03053398342750284
0.05798696625435977
0.600414537134741
0.9339711892856761
0.7853206474167093
0.4178243402963253
0.16612006308783883
-0.1169934853907978
0.41102517465772676
0.15885773624187316
0.16068880092976381
0.09250047459688963
-0.3695307921330206
-0.8435678040793206
-0.5894225842702235
-1.0961866117288734
-0.00660359437272897
0.026951686927700707
-0.2742513693917348
-0.1265885347252033
0.020073942077385158
-0.7454284988457055
-0.5683444051039911
-0.3559595807770171
0.45788036415056155
0.03930283572834262
-0.10708440042284129
-0.1637437735686785
-0.7085547846420949
-0.5565221642570701
-0.09526090470171426
-0.6653184711375612
0.13301492156970846
-0.14449259924354962
-0.03874903735338919
-0.5123706421507022
-0.11279059162610908
0.16451951965432648
-0.20102081848066372
-0.6367309485024815
0.43928887462675764
-0.06361403885077169
-0.47057803926509745
-0.2652582627775481
0.08846260425049376
-0.2790319651379516
-0.3709327449231566
-0.9094432056671486
-0.11864428752469675
-0.06492814258026983
-0.02795129284573388
-0.08313895645583988
-0.24105415582958617
0.053394050029118865
-0.0757574488753659
-0.05793242801639839
0.06247620433395307
0.11956965230341471
0.2784924175290975
0.14422401911211663
0.1895947130023313
0.07328514106894526
0.03249790051756901
-0.24858005069121283
-0.053637908495070455
0.16707771837582586
0.2700746171033857
-0.07313656297827142
-0.27739675354657095
-0.09957081804128047
-0.12336574656510704
-0.5306417285948112
-0.04559441644867839
0.3288335355847127
0.7863240650777639
-0.02749281504308136
0.11688259030383395
0.03287004938291232
-0.2995024169318457
-0.7397602758971094
0.12973229675989764
0.6620612310684288
0.5433967188810878
0.23476300353050158
0.1409034916984759
-0.16798333343862865
-0.09013618823119211
-0.723765130397374
0.28222985193743916
0.3162901910151564
0.4999601920061332
0.2589684200839812
0.1821889814847427
0.013866159648786423
-0.040557351650439825
-0.3635283815121143
-0.21061965680158787
0.5952506218666032
0.5069210815909121
0.2939760617603132
0.28966293104497537
0.1249998023469306
0.006454088208978804
-0.4200070116378026
0.8199140008674289
0.22766439315603207
0.4427124070275917
0.0741417751159066
0.09448055410671119
-0.08334300952071928
-0.004844912295081143
0.30313028060370734
0.18774163736250396
0.6453914505263847
0.2537841310587986
-0.09458042334674224
0.44565416514433054
0.13083557318373987
-0.02238068263701079
0.32666506811812585
1.1732974634296305
0.15953708358038188
0.08829342459984005
0.02580637153255477
-0.3306585707761433
0.14108905571452704
0.2785099115089884
0.1606202766044939
0.3569759822795868
0.7993084476362073
0.1102860190404294
-0.37592168729970277
-0.606310622867902
-0.008125114060096516
-0.2211996154355844
0.07277293135374015
0.5102132671348732
-0.04292645324746006
0.7029610863421866
0.14898734788330112
0.08978617883383641
0.011409456122642537
-0.3145665283045911
0.044271906951852666
0.10043592583860864
0.008558369945952958
0.04321240570085201
0.35381493482567145
0.4595715974767165
0.051725387119501594
0.054980620334346315
-0.09195160185332144
0.09918168418001178
-0.035353856943368074
0.31380744964946106
0.5355014484138196
0.6403448855575662
-0.16034620889820725
-0.4180025513629156
-0.4751177497973816
0.020016888010309604
-0.11416898924925303
0.30724227123568343
0.28393436780997305
-0.06355185983644214
-0.11001626469827071
0.2649134899106035
-0.06288989941009826
-0.23871270036824355
-0.08652463028855026
-0.03419482385977242
0.020101760699019835
0.020788388095382276
-0.09448507060214435
-0.12766965894174864
-0.6604114217434403
-0.05955485335398995
-0.212388240377493
0.002195331557435627
0.2622179888932222
0.2767921500847415
-0.10322742196474642
-0.1778040962540147
-0.6902102688035413
-1.0022937936126668
-0.2056649410299676
-0.24072652059447208
-0.06603759631992864
0.22370004203123983
-0.21498941099411764
-0.45143627118133767
-0.4286794736988901
-0.38061465930973903
-0.2555653886952924
-0.1678275181559044
-0.02558204169867693
0.15612456327017604
-0.819978889080842
-0.35526382911957344
0.054950029900760644
-0.4617685538821951
-0.24571366538667852
-0.1644463661597356
0.2280683135712204
-0.021285152771428152
-0.9557981470345925
-0.11471273154619634
-0.004917894461059554
-0.12575065457996737
-0.6316842047218804
-0.28955203754289827
-0.09076009393201594
-0.03905626073360187
-0.4011038738442798
-0.3424013280620285
0.2738190267184069
-0.4202495732359775
-0.7035465285979902
-0.39498527476098005
0.1458498584733907
0.04793372373184093
-0.5154278456541014
-0.16261388443347877
0.09225325443144446
0.4129043784445603
-0.05257709492015082
0.23001960688333684
0.10800375501297649
-0.06911436815995296
-0.2591354086445139
-0.07826264791083734
-0.024684150762660628
0.21746586193127587
0.15281228791947216
0.1035368971603722
0.3613246712556457
0.23423638949281259
0.2049446910848698
0.14819396974223573
-0.5649970514033896
0.0856484751249592
-0.09295242095943726
-0.02991944048896923
-0.1167206750671834
0.28039472744023625
-0.25516998510578315
0.18595496848836532
-0.07201224492684638
0.525161272368851
-0.13572633098909004
0.3725438689516941
0.10826738140994972
-0.11306084676862017
0.3827030533432861
0.051872543801414886
0.5113735831796583
0.2261755818401635
0.21196129155563118
0.25423047773701213
-0.37003982551886877
0.48270585763798735
0.27766741858327854
0.45396869374693233
0.5980636289183586
-0.17666915843510467
-0.2349749582261494
-0.1336520222057095
-0.22710999137485238
-0.3657872122576156
-0.2680053658374932
-0.35425748669823237
-0.19199204241162576
-0.1175301425894217
-0.30825516464916214
-0.19573502806580234
-0.1782980168821288
-0.37173748916326804
-0.5019852133357264
-0.3829861266753922
-0.1591673160611863
-0.3227306488627781
0.06449121099758937
-0.05248584503278132
-0.41758749107293414
-0.3262556554509899
-0.23965313090272683
-0.2594421694068224
0.05792488759673739
-0.2250717989499272
-0.27077413691531443
-0.3401573751994995
-0.36935617904754575
-0.2241586308513639
-0.009624466240037953
0.03924105427778318
-0.12109528537565901
0.0619660265807815
0.14492989194124284
-0.061076628248258547
-0.19714780697693113
-0.32569962339588837
0.06263355942217497
0.24887262754178072
-0.16167700598610762
0.1189833304847126
0.2018624932812998
0.2593321444919577
-0.14977180633016932
0.07049874835848106
0.02807965705694824
0.5500106133009403
0.0257371724893619
0.7633623659425558
0.25208422966639243
0.4673969562740868
0.07962290066209479
0.19140876936896042
0.445353127988545
0.41725372184897624
0.25165454033147633
0.23416950956363913
0.47180765736621194
0.7159790371405953
0.27870191375567344
0.36898072887816935
0.4019711692218473
0.44361383384872227
0.5711785650450639
0.21438319338813558
0.3317963770465708
-0.008263530692005014
0.4752801304617501
0.5221079109502802
0.09015105776068204
0.2714471755496599
0.4414301961475607
0.5370823734165907
-0.03797433235911376
-0.8389029471576706
0.18905972456335107
0.20832979567650858
-0.20923223643440014
-0.4404915860338591
0.5905176826843307
0.1744672843998953
-0.25402785296167546
-0.8950810584052356
-0.07038203127610825
-0.24291059422289857
-0.37839435490215745
-0.05232844751277708
0.1271328709684984
0.42783887138545723
-0.39927151331310673
-1.3947810764037405
0.11819338359404598
-0.18614813031662356
-0.2899523607057053
-0.24622907320669526
0.39403006652268213
0.11180716637492032
-0.7098175132247921
-0.9857600493574952
-0.03785790884507025
0.06576197573290503
-0.3808997655355527
0.3287846149992075
0.09961120829363725
-0.04672484985439968
-0.3321131799583496
-1.201289320707524
0.08534731703109745
-0.0827687131846424
-0.2150620422246049
-0.03577511960531292
0.076613749841317
-0.05852661601105553
-0.2783806522633983
-0.4618566683495008
-0.5894483100826904
-0.7968352330267197
-0.49060073054623377
-0.11123056306696186
-0.7134390375337205
0.008950935725110304
-0.22404046851101844
-0.24811011430701715
-0.8019090951370013
-0.5558861750136047
-0.09537558350577627
-0.3933191602157813
-0.4849702135408582
0.38278717240828963
0.19393702697810772
-0.46037961055984045
0.060141280655274444
-0.4253441323048105
0.3522422080431483
-0.6575466681557491
-0.2982099522979006
-0.26922398640958506
0.19789874652849665
-0.007180894696222679
-0.24025056175641313
0.009807500809253428
-0.017587323835122848
0.0193807233645839
0.003983989112042974
0.4343972703404569
-0.2720339829405687
0.19868285827026502
-0.13784871067406795
0.1983071801141954
0.24014159548270658
-0.25906256348029
-0.017671651537041734
-0.0132144559064662
0.18705686393179152
0.06531518172238912
-0.004725977203556985
0.04236561865785397
-0.08940091172089878
-0.33863549347821276
0.12090013261551838
0.2657260268780727
0.11092557357120782
0.09018887010005018
-0.06381428850210501
0.13849977882282194
0.10893553707026386
0.056607614105593396
0.02356993542605155
0.6336779627888914
0.23905389948755307
0.0699972582794825
-0.06914212251244896
0.021888360500110983
0.26571349549301004
0.07022071766161325
0.03812951449121962
0.5096960767907481
0.28470823744531515
0.2836937891064375
-0.1052792406690937
-0.20139010958151873
0.04773087534445797
0.10564787221719718
0.4110066057713757
0.4766362034288699
0.7135809378696709
0.2248222307838263
0.09619527513030023
-0.6369580629550947
-0.1159084788641262
0.5540727774201172
0.8496294628415362
0.3760693027600316
0.8189054382672902
0.4825769089974879
0.07850765188015926
-0.6549034766030286
-0.15742875413899846
0.543984306279898
0.34467481235077296
0.2978450785904139
0.46780155611350044
0.16474090719742507
0.08556260140850214
-0.6268938965196914
0.0645587740700345
0.27577808723699054
0.304676723180868
0.3546983061909064
0.24277406475174285
-0.04720781205660675
-0.2201427787263897
-0.6809696216675432
-0.09442683374985075
-0.08995942057314178
0.5243516702180339
0.35901396940483443
0.07912398100407364
-0.5480676684617841
-0.48542204381013565
-0.7384355400135105
-0.1470540075658244
-0.2782287338513063
0.3437800705802555
0.2640416419697646
-0.2372929400420124
-0.5862873698714853
-0.2414131585009977
-0.2995285440323087
-0.380450450694399
-0.01769555909097271
0.10776647069721346
0.16203709298436314
-0.28550452524219117
-1.1693218661932978
-0.04189912863447849
-0.2233896258810433
-0.4547500285935303
-0.14799258406007032
0.25899049705572014
-0.19017150218021645
-0.20910422769753143
-1.114075294980538
0.1351403548644552
-0.15031069114061296
-0.37505841609448415
-0.1337778255688141
0.22305950921293743
0.30152814892109897
-0.2927964775514675
-0.7572398087293243
0.18649771039590968
-0.049927006650808826
-0.6411946678720243
-0.31786964200647433
-0.3437433701681205
0.021713131191294425
-0.07281670187186093
-0.24853853766603282
0.21810188252208376
-0.008908647910954092
-0.05920287481224493
-0.24236232221501633
-0.429768599860601
-0.6747196957357432
-0.05805555775012548
0.26048921237006856
0.15761158560975602
0.1105175977297019
-0.100586077135344
0.06525123426825948
-0.47714011277992846
0.01749620982690111
-0.24028720385362
0.052045340966598505
0.324254401443809
0.01701298277741567
0.1828780436451205
-0.21261614401827178
-0.10445756361570062
-0.0008159371907348958
0.36392103600856607
0.16279570541757957
0.2906329913527235
0.2583295419045163
-0.09295116240185658
0.13037083969235516
-0.4211022086549029
0.07030002441033589
0.20881006221952103
0.4395333352613643
0.12576636399968413
0.287375257775299
0.22265642445504413
0.0005772095964702549
0.031651938813626095
-0.13392007262688743
0.02280326117808222
0.2907861851050701
0.24706375179525356
0.344940106267597
0.3985257030165744
0.16140376993026512
0.5285422624704258
-0.15057043834591352
0.0466179801444441
0.13778561360974034
0.0018798537927560543
-0.25683209441467775
0.10999441345207597
0.30056650292117243
0.7459858913288437
0.5591716236950048
-0.13275579241895244
-0.5733077090298291
-0.6690207771131305
-0.5103286369131544
-0.1180858620128535
0.1607357835545874
1.047836691647957
0.6609212590280888
0.004616330320741529
-0.6197803831249727
-0.9694700801821524
-0.7610841182305305
-0.6774092870661614
0.12094831215376879
1.3246280528506704
0.6543709844559397
0.10257783453340917
-0.48579388549275887
-0.4776836051867141
-0.5587856041466079
-0.1225520174776529
-0.17102877053606935
0.31932964067485414
0.42211312390633127
0.229378409588641
-0.12162336033087925
0.37761794608702665
-0.1715011467050201
-0.09738111542223118
-0.12291517514055539
-0.3128403235999499
0.025848374346673506
-0.26488627167586415
0.06621643698651572
0.4329976444771874
0.034704250508626557
-0.07456419254934185
-0.1554479620327228
-0.3927281014738952
-0.03539606176342625
-0.0824795091959338
0.022798761087570445
0.4774964713601532
0.1760514739376676
0.12379186360790893
-0.19709547029423663
-0.6130348093710883
-0.2775127286199359
0.17364647198038563
0.03357337224574534
0.5206577009092036
0.22048529441544892
0.16402330709967533
0.18124208785560342
-0.4274010219044371
-0.021627050098373866
0.3042319542898964
0.37238121644436695
0.306065494077191
0.16201026570304067
0.22950084262105017
0.015952798361136646
-0.10607679328970947
0.14118831723374092
0.7711146009659098
0.47232767002739273
0.47795873137421957
0.5296840887714805
0.12058697106405164
0.200700946445021
0.1471151551054248
-0.019574488416367282
0.39516551328192134
0.6502028545053278
1.0351358797647412
1.0843902202022453
0.9938383578054458
0.5258128806857574
-0.12585205779861047
0.24489140921216687
0.2924116062774811
0.5912619064605092
0.30947421240876977
0.5381391345628348
0.3006775529683623
0.32221741973826606
0.3891504418556951
0.5945748905900269
0.07512491750610292
0.30625819416644195
0.6007076033895565
0.02567109888793912
0.6776591004804279
0.719369831859805
0.5192834302065842
0.47827878239766564
0.6375987328552624
0.309140392327597
0.4630071656572641
0.3519038291800285
0.04383707694361274
0.36602965648888636
0.35161347898334855
0.11083831828434432
0.029563380533290565
0.30518817962125877
0.022502131436121002
-0.1242259566041683
0.3567977701724526
0.3607648443507419
0.537131527207965
-0.06581934083054566
0.3203968940097932
0.15268128051576904
0.05987101471538281
0.02936890932453621
0.06004950276499907
0.3574984642016545
0.4724253510616967
-0.0033750564870481847
0.02891598541466111
0.5286230781996448
0.17421198047489114
-0.054240485294728524
0.19363460541839145
-0.04569857210430053
0.3198407184107154
-0.17777237265573842
0.25647137733623593
0.5621916195729207
0.10549180933396905
0.1254744857320865
0.1130309301831584
0.08080959302905912
-0.16381600895093043
0.07648667396120026
0.17040657398466894
0.24783989799150166
0.05917100381507599
-0.14685733486167846
0.030975051572209276
-0.12312405746455349
-0.2401512680625466
-0.2759091594376931
0.19268296693405337
0.080231789984135
-0.08629123597162892
-0.1181926715689218
0.07977413899037258
-0.35489609744701933
-0.2615345283437935
0.017303233325020696
-0.03144316403118077
0.14752868242868467
-0.3197753156434561
-0.1356299116198636
-0.32574315755675903
-0.5785884423520917
-0.19152201599204433
-0.4054395927469398
-0.14907444026778824
-0.03140542788071732
-0.08632348263644078
-0.07374177974818026
-0.297099462894744
-0.21259010469050865
-0.6688447536033791
-0.15995816108013355
-0.09564960465184648
-0.23257797050427656
-0.14278191499424162
-0.2720057187764775
-0.12164459021885404
-0.08658255712548972
-1.1812189642865836
-0.5194777337669109
-0.210929799130196
-2.5384898585979754e-05
-0.34166149551823505
-0.12047758203131853
-0.5577657332784519
-0.008917692157942053
-0.49293532761625325
0.08966109348449282
-0.49366391558784045
-0.044388468734768996
-0.11885784167084992
-0.32682692751133924
0.14258525549702186
-0.6929260537432339
-0.34418143853881816
-0.3511637234157757
-0.3772027067503085
-0.4882719900477819
-0.5510399550010971
-0.32464878766958444
-0.17229535740840274
-0.9359455035571113
-0.6277013964024247
0.021314635233024223
-0.16929297890204367
0.5934693731386637
0.4407530443526891
0.42087464083517934
0.29573838245555406
0.33402571371373596
0.2726831852802559
-0.11839349116914212
0.18434156273570967
0.44949755682559844
0.27343314437121174
0.5512039861516902
0.1541110724553998
0.5611724255646852
0.28372850596068544
0.19253031412611346
0.2783745175681306
0.2529481866572226
0.5770769184207241
0.40326614524739723
0.2675785998000701
0.4136810149259566
-0.018688547033371646
0.5170073289547898
0.3816219830278234
0.40082296924827476
0.3026408252628109
0.16228063772045084
0.19216778186789016
-0.07464000835777809
0.12108816639999614
-0.08399934115421348
0.5119234119921955
0.4883825114487352
0.15417974690721042
0.3534936483357872
-0.019696631482100227
-0.06215845536985643
-0.4489231048764237
0.39028043403917684
0.2602663792241754
0.1040354385408512
0.23851966366645277
0.33169802835210555
0.08141311648976295
0.04491212273674886
-0.24114754505188274
0.03514173340715086
0.07864179528067235
0.04236233609646147
0.23193122742568792
0.04764204178111011
0.1922733812629202
0.008708588926860208
-0.03640252469262434
-0.49924212869771967
-0.17502957829814095
0.0014637800588337292
-0.0078099447400483335
0.384694820378254
-0.23826006963631655
-0.19766792930693036
0.3692440268578459
-0.3774246524617927
-0.12356837149211626
-0.21417842163234635
-0.1150807529088044
-0.12808402943118136
0.10339586002549839
0.3634485036935758
0.1157430179384289
-0.32830697017563426
-0.3822285836669338
-0.2079088140308531
0.23464793600326186
-0.3196715372864521
0.15807706731865723
-0.028079871953508174
0.1252289750022527
-0.02201869710575652
-0.20150716926464654
-0.27810795952976397
-0.26288567008382646
0.0581521790482366
-0.06142669683998609
0.205365322629232
-0.1616711059605413
-0.14123941356059821
-0.13927269125254468
0.015195200652918827
-0.09957025014369139
-0.0748209820285057
0.025404913578568084
0.07798693954549035
-0.2968128774877075
0.07284742552747109
-0.23087965099201302
0.10220867885852727
-0.16304730461443281
-0.03708433640606532
-0.06862567562588814
-0.5782163160965572
0.5753487689481167
-0.33673583972844734
-0.21443123909415474
-0.19782936730712927
-0.1289479600276232
-0.31513602127729157
0.09709486835983303
-0.2013407442141526
-0.018925895912625917
-0.31501870323747483
-0.3248236096739402
-0.07403754604688013
0.05920490584563353
0.20419253416409888
-0.446001956893545
-0.11367118204806988
0.0861793473103827
-0.027842958195227977
-0.24846892411980695
-0.2397966902089495
-0.21831389478990001
-0.3678474314947208
-0.10576781363532749
-0.005382952515613012
0.148240533159324
0.32789456263232597
-0.03626264206047106
-0.2581634608038467
0.3195323760479195
0.5273196603378638
0.5137995859816524
0.4341175173864472
0.40624383819744164
-0.06630569327181286
-0.19952075721245058
-0.3397177078724324
-0.16803819304603768
0.29783051464925275
0.13991918432339392
0.1337840062286332
0.04348413627152172
0.424716055278295
0.29061397242159964
-0.28018154090844233
0.07486348196130167
0.21698111810306916
0.25867537499784965
0.39299289961165446
-0.03033915157040818
-0.1638648535609894
0.29185432402031597
0.33226281690492016
0.02046455569460292
0.20601714970722512
0.06158449705285124
-0.26361090376419677
-0.13834890793279792
0.5019275578582453
0.10748618000698823
0.276284233780363
-0.07990249420118663
0.3725032332831281
0.15856262853315362
0.07855961577765765
0.18039885769205166
0.4270207298977848
0.45045360598510453
0.3707961161681905
-0.16367594870527027
-0.06866396172330419
0.11221033305015765
0.08019982225681292
-0.03799254844392113
0.8337906302823059
0.24843461113060786
0.3932895140562337
-0.22963326288921965
-0.3295067225956478
-0.48028422534250803
-0.7268688035608752
0.49846802015397906
0.5951914245422671
0.8330308515081577
0.19869255979218262
0.07130091171696941
-0.504375778443976
-0.5014829659173053
-0.5361202155188352
-0.49294656139825965
0.5961734283547249
0.7377544654145525
0.7335622440899768
-0.24313783333344738
0.056057821392918226
-0.7192991942922619
-0.8789506658470031
-1.0380229921982573
0.18877248290240736
0.6636310193550405
0.45618700159563264
0.1543443489971646
-0.17942563778572249
-0.13009003422376425
-0.6692821282349466
-1.273342083365826
0.5174573355749491
0.17066815458645235
0.4590451149963113
-0.03418754662420762
0.004793640410662124
-0.07484046853655706
-0.8189112755268425
-1.7262622703037387
0.10833801826112743
0.20762136767901299
-0.017875074635577325
-0.15423639673016692
-0.15614119816994687
-0.1606146846770601
-0.5223949093610153
-1.7009665544123505
0.09860294696788116
-0.17361395897967044
-0.19908760540066484
-0.08798304217462788
0.057684338638356786
-0.16289534568229028
-0.6332025092695224
-1.1134451486244472
-0.3369218554907649
-0.29818284954809254
-0.011247145969277238
-0.2237959907557747
-0.057008079620667985
-0.05550789638617176
-0.6634721546754039
-1.1602217074528802
-0.2179529901667675
-0.10344438553330965
-0.3054626311696757
-0.1722514515456592
0.314282336609609
0.016985535239439662
-0.3226901881900961
-1.057926420531057
-0.1711320858649543
-0.40912549997863423
-0.5027826649228913
-0.06626466788802512
-0.3354739984601546
0.0943412298679276
-0.48765632400111636
-0.9271467064536846
-0.5922140799798277
-0.15840706345515057
0.09017368678439087
-0.03762084789330708
0.30166954721745876
0.352171989730805
-0.02897789133224317
0.2993369167535383
-0.09840202930552353
0.02420800520724921
0.043162883006016284
0.22913452463278827
0.017900756547048716
0.03587853795384317
0.1962022354255553
0.36019728367185533
-0.2928617722235286
0.014989472667019986
0.04930959479845058
0.46181466822670425
0.38003086372162953
0.1201340066508935
-0.02141472784352782
0.5173316530520099
0.5490194368360208
0.23926749731375171
0.34484791450250724
0.10106454813872222
0.018058727376906628
-0.13005017794267362
0.12614237803575185
0.16792685505269137
0.17625100787417625
0.3932416566015182
0.5799725397644746
0.1586818222034428
0.1442546863261712
-0.09325401996992191
-0.11754329945614626
0.05997036516155925
0.1836564721508489
0.5730286171719484
0.2771115450466003
0.029132037643498084
-0.10995961320331245
-0.33108514504069453
-0.7018689519135287
-0.6969612751914939
0.6898656794970083
0.45503614541227494
0.22469038410463243
-0.2841694937778821
-0.04393280050928343
-0.29563457565801504
-0.23679009585116548
-0.8093117204269397
0.06474429191964037
-0.20802026243894123
0.12739821371665377
0.4790362239108226
-0.3966339876509937
0.18849228288067119
-0.2487898491851416
-0.4472882836888192
-1.0323156072162607
-0.5061834322265346
0.10482076338869785
-0.11587228286764832
0.28484717301700857
0.30200650322485567
0.34036577456958256
0.6250083514266657
-1.862545064990206
-0.7498655307658136
-0.7980287828734416
-0.2812634106276702
-0.07245868778787003
-0.04065600059579478
0.5404718865453674
0.7524167429491807
-1.3859322766407487
-1.1025198065629818
-1.0157113342216642
-0.516952543749825
-0.0668619362157588
0.7657939908819202
0.5505210374959009
0.7853722456719803
0.5605753997565882
-0.20832407912256978
-0.13668067382603882
-0.07612335971025809
0.3324066470819515
0.08459267268500986
0.25935360948415
0.9417506864975066
0.2873912142648941
0.4290103683377395
0.21331453297728747
-0.24694007963451994
0.10851098852858046
-0.06668416000081132
0.07841832412778982
-0.058233614666489755
0.3396710441080343
0.2875354568262754
0.0653847853253178
0.21130916328141205
-0.5413594407281193
0.20883669270488883
-0.4910634730978214
-0.2941003557750703
-0.18099851660100785
0.28206012231392985
0.2190918683786588
0.06159722787698066
0.22122436338226387
-0.24219099604673971
-0.22709475471324814
-0.04572590020109053
0.9453375939918389
0.2681836467867106
0.29652964139437465
0.5317588393267016
0.11049784200956661
-0.19419091615420567
-0.12585813339619936
-0.12143352807982453
0.3244027833182359
-0.11574532189152428
-0.26211754492656253
-0.415253504888367
-0.2692549931603026
0.40747869508222884
-0.06939108286186853
0.7278028526512602
-0.016714356245660738
-0.14661146843131956
-0.01305687542760178
0.31587605840910293
0.39235476039459066
-0.1122022249867969
0.24057720409942585
0.055440804673046504
-0.12839036760527675
-0.25805988518081324
0.2507065968353894
0.3868613922983183
0.4185535263551229
0.15892537888587932
0.2652740289892094
-0.15185865694825218
-0.3803123447974414
-0.035563764895038125
0.11632010036909159
0.14988206687299913
0.3307037154421351
0.11755271911769305
0.027631765094326383
-0.22431814070105244
-0.29762671964584375
0.06208118251434572
0.36072740498541117
0.5502252775453659
-0.12484956047649665
0.3150003565585094
0.4248327846156087
-0.22233325661751396
0.003128782847555791
-0.19886149646790138
0.165140398039505
0.2694625882519036
0.5309362084150628
0.19669400060579575
0.2021436904751396
-0.22788418560260792
-0.3054020793297249
0.22837169088661538
0.13447994886070372
0.1412744421574159
0.1764242803840646
0.21354054841800546
0.3590592664974296
0.2591836526430348
0.09626290640480896
-0.3436242972692008
0.1704708177017703
0.1407705109595967
0.10699509645923916
0.2465793209213584
-0.015322609868616067
0.428174996826386
-0.136240558636123
0.2978476321005269
0.22003392304344938
0.10107124312856511
0.1576258314367653
0.2523314143899899
0.15150755977250246
0.1395325105821318
-0.4753130214810449
0.03629069258468526
0.4560162077314531
-0.08990543032765119
0.17676372909673116
0.14974992582461788
-0.04943970253709118
-0.36333058856334294
-0.636333293997008
-0.3686342241145829
-0.22860059207751385
0.028554461487989555
0.03403870175320867
-0.15422320075943952
-0.21374910294992258
-0.603959210645008
-0.8295493289229151
-0.3149675119761736
-0.17955097386938984
0.15762012129310268
-0.009064773090264919
-0.1814783313835504
-0.13931982558568118
-0.17801341836569412
-0.599392317432827
-0.4261458989327072
-0.04040706177155658
-0.07644296519162389
0.045028391273838356
0.0581100984999982
-0.15740480851950941
0.19742409279105383
-0.8789630699039178
-0.5390686821132886
-0.0049159202550051895
0.15923742362455057
0.21564528174624456
0.17896096307706946
-0.26695745094058326
0.3941966117681312
-0.5231457693688565
-0.22136137569534617
-0.33371348329675804
0.009121115508523788
0.26759140639356516
-0.027915513099484167
0.10845885671174643
0.3369639445931346
0.024330545719865808
-0.9372613943047934
-0.5390978682738521
0.06519294640304683
-0.21197778989569482
0.43784555972890393
0.37801151120688353
0.5571065322674589
-0.19513851681400346
-0.25883009199303947
-0.5499946420525031
-0.9659497127517288
-0.9866313232178857
-0.5034903508673725
0.4335273847712749
-0.1295350450324133
-0.5028641939352279
-0.14593251869326782
-0.7491232471190936
-0.6486197965595695
-0.9490187858223819
-0.21144552614773002
0.00452280566789069
-0.36705521962484233
-0.3118910870745756
0.06709895340458562
-0.6400636918348261
-1.0725721106404797
-0.6820121446602421
-0.2077342742277398
-0.14418366182368908
0.6108274384155677
-0.12963685184024415
-0.4010267933900363
-0.7647214968145525
-0.7116065401083336
-0.09283999777889865
-0.37051497695842717
-0.17662322515823559
0.07781046410133509
0.2229795590668058
-0.32299985186541086
-1.1023508872279635
-0.5707141964085388
-0.20655567115924528
-0.0394864729948146
-0.2406065577317285
0.4489032901483746
0.4517619461604185
-0.38763850138722183
-0.8831491851367109
-0.31174315561285576
-0.4802001779356862
0.14818483163938187
0.043810101008074455
1.1188559502127675
0.8533397948634698
-0.05140162559770481
-1.3322310109010833
-0.12353477724343531
0.09178394298204087
0.06737087433995119
0.4152153200956198
0.3378805120907853
0.5616828989754059
0.262558689214421
-0.8355383887718852
-0.38549609621826436
0.018938440985671892
0.30738099562489923
0.11313466459730114
0.05691065333208369
1.0450853833849174
0.3668007566333587
-0.9826990780363857
0.19643031467600572
-0.007483662077958399
0.5691354541582494
0.19938818623626087
0.13354812431991447
0.9465634638148657
0.06347082475514791
-0.083902544152612
-0.32753448131689994
0.14239001931124406
0.45662734451360126
0.6471738335609744
0.16812024443470636
-0.03130557535866386
0.24712924508770198
0.15154565709542578
0.27451703614720435
-0.029376150274710192
0.17867262189278946
0.37074602895720826
0.31245569798995493
0.07885196402711243
-0.3611106780593734
0.26512686908508043
-0.17629708402161562
0.287740108652593
0.1006691796062346
0.23684712222209023
0.16435675776299147
-0.27930506491743307
0.11555507940056606
0.19299752043657017
-0.06125953259764397
-0.05405399286317619
0.3956486001782685
0.14808472502356662
0.2863553740822658
-0.03907418220549827
0.18123381221119741
0.0662248857017517
0.16683605368551313
0.07021618191516632
-0.02385219175890316
0.5202234819599806
-0.18026136389798114
-0.6264173092426166
0.04586784418270694
0.020748977726293805
-0.3202818066965312
0.5756564674206219
0.043179736698226175
0.21467061987998592
0.10661824279277185
0.11263668951540304
-0.04732428154854443
-0.15938292811549748
0.4852605819260956
0.4353988266141533
0.17566099881922762
-0.05245694490113989
0.35005832913798485
-0.31463954897148355
-0.23113840879213948
-0.7495194215164044
-0.5208568249231571
-0.8657024830061371
-0.13182860342718408
0.4635676759130464
0.7295340509635893
0.32034216255322195
0.11529958699027817
-0.7807339007321695
-0.49543204201377977
-1.2105003431486698
0.0861674448810226
0.12708685109965187
0.5468306860917134
-0.08346928326413684
0.12398962100347083
-0.06393392347599215
-0.8889612777505534
-0.8466402768803105
-0.35328752907874084
0.5533519785278375
1.0353948798706452
-0.19461970045125396
-0.25148983311501627
-0.3576988254739468
-0.6205893453262267
-0.5766782918794847
0.004181310627191143
0.3789073524723902
0.7325546965900092
0.36955634284610456
0.22742210442475444
-0.5925434254251244
-0.5986600011031298
-0.06924206367012829
-0.4054850208835241
0.18918867328089736
0.7220854592804812
0.7557313780110168
-0.10022055271123478
-0.5535351484386198
-0.09016512567066726
-0.4061017225959119
0.08528264805395659
0.14805918214672703
0.8672879749354752
0.8178650261502295
0.2892509593191853
-0.44473294164335775
-0.3014816820960896
-0.529456236208254
-0.280643240782563
0.39107079560405905
0.19314306810427898
0.38402368611828747
-0.08988596858538853
0.013174334913021921
-0.37651397790910107
-0.31810473066712674
-0.059690773978637805
-0.016946161161180424
-0.011418544723638773
0.03726068999021628
-0.4511062517310536
0.04473591613825079
-0.24640838065676765
-0.16523187135910114
-0.2560831000259187
-0.38517540770976944
-0.13294718423738655
-0.05361061284018423
0.10612130762408764
-0.0047458504079448335
0.04353784375586841
0.19864621322496018
-0.017287969799095422
-0.13189000327013536
-0.7043160728229418
-0.344524168798969
-0.16819538988304095
0.2621833765711878
0.2632512598741446
0.22804207823217268
0.1813423754246637
0.02100144661092109
-0.31470482205344896
-0.6959207181482688
0.0043218096564259035
0.23924115630695916
0.3187707715986848
0.23633116206028693
0.26141905370685076
-0.28206140530029455
-0.3692970554631391
-0.5185512450829685
-0.3180425502802683
0.29060137764651844
-0.1997553377223697
0.0458714297866133
0.024273496393330308
0.20287516382196474
-0.39005154440216083
0.18230763449288773
-0.2038822815875998
0.12355586567208093
0.031081938639052224
0.15269292315862698
0.13465016471067318
0.12391773580516559
-0.38266689326010533
-0.5397163583286593
-0.3284774574452421
-0.03887124165545326
-0.1819811385427441
0.16315835624139774
0.07608174171095289
0.02968300675661508
0.39779318839975136
-0.9071144380063975
-0.402571031058901
-0.3623752825026872
-0.043381599458434505
0.15265616886604425
-0.10649175820798333
0.2373931250033224
-0.14698050639974533
-0.08915758086829212
-0.08956016379961121
-0.055491552600192104
-0.06670599808452964
-0.15429341580608416
-0.09316799432590452
-0.023221762858338844
-0.15283062813441692
-0.06552842216406393
-0.09513612172825021
-0.03674589742412692
-0.023750852729875618
-0.2599406624604445
-0.17086775178528826
-0.10108335674655786
-0.26548531968306066
-0.2840339204735981
-0.1903460749046218
-0.022132823463910576
0.011959096138164534
-0.4545030627020253
-0.09490256619596071
-0.298155813494237
-0.2351743547523283
-0.22170448468693663
-0.42945394771568063
-0.030604846400670137
-0.06877409470988688
0.07643886939174578
-0.3112132351576873
-0.3261278163672379
-0.033253719147332675
-0.2068808286978517
-0.7064161380858839
-0.14034578010715643
-0.1396203230495025
-0.6055444461635613
-0.4169228475153892
-0.28538653199522435
0.4178041705408404
-0.009528909602961991
-0.458215512334199
-0.6440029642056425
-0.36841860214813676
-0.4840040317206143
-0.5934475347672064
-0.011428869262842915
0.7843679254819013
0.4264007398305666
-0.6187103195342913
-0.3696627523835611
-0.13648760168221713
-0.15615736117840875
-0.44477237531512076
-0.04003672216526105
1.2722418467818524
0.5766775176108256
-0.1834355421632196
-0.028564058174226664
0.42831978689799194
0.20051136557060656
-0.418751560060489
-0.21373413401473293
0.760561426324677
0.45121283936363205
0.24972315108630921
0.31123697498494307
0.49747585131551897
0.3921010052684369
0.2524585054002423
-0.09276538831715488
0.14044053100769135
0.5688269029655207
0.07314429038992461
0.5448809167566218
0.6255449583621312
0.27184707483725506
0.2748032092982425
0.1867139272654691
-0.3432245410885538
-0.1228850144336697
0.31676676405878407
0.25960283847404664
0.4814510041267414
-0.03497539163765073
0.21697577329258178
0.049319709515070004
0.0047147961960761
0.03696789660716002
0.173208165555029
-0.10339851192570355
-0.1595319030344021
-0.2369081291472955
-0.0659511545117013
0.4456091436256995
-0.02576458628464637
-0.16866060950278586
-0.03863202726416625
0.1826199234559782
-0.16191202423886558
-0.2581979959143242
0.2005571477671456
-0.11737282646544922
0.0035702829584776784
-0.05124547542355497
0.1663041595125633
-0.1568582214473622
-0.15803213339196417
-0.09533834061206584
-0.05935602970402456
-0.04146839021135699
0.01705273359640843
0.22217304421211456
-0.049512267079014384
-0.14202422953032523
0.11528033718128688
-0.1696881814158602
-0.22732969108568532
-0.040354202341405174
0.09743475233220672
-0.11882685859933438
-0.14534001926287698
-0.03246125084368151
-0.3592663824402698
-0.4632391599823158
-0.4838798138604793
-0.01861327094793963
0.055248074093734514
-0.0685839599181193
-0.09215153695283439
-0.32799920900196916
-0.3784454905468672
-0.1848290914308352
-0.036581684012435875
-0.13547047656410274
0.008621274626774578
0.2898734629520359
-0.2560236621876177
-0.3452747476919463
-0.10059268077072854
0.05750259334599573
-0.06017762531645894
-0.09900210428856389
-0.19903312731236447
0.29782256366175214
-0.14158593521244434
-0.22460037051882412
-0.25379638865792004
-0.05404276544694165
0.3347450718436588
-0.06478921797796167
0.4164065519671071
0.3144662441753506
0.15602135616662158
0.19460822705843717
-0.048219426183409755
-0.3466966808222268
0.19055188441153686
0.3228834559489022
-0.29575958199689634
0.2577726471230966
0.3016195714315449
0.03312949270058149
-0.004698634796764747
-0.002518726495417693
0.1254090973547315
0.489049419909099
-0.12288278092679471
0.13601458705446803
0.41587945021315
0.24778588819861214
-0.03666565943915799
0.26575208344612367
-0.0199171372083854
-0.09150408083475006
-0.43545789545144703
-0.04515880050056496
0.22616852013283475
0.3159175203881593
0.2624877585381113
0.21212475592681332
0.2176028917073131
-0.10199657445381781
-0.6411678012744418
-0.8504770792892699
-0.07617525228193033
0.7268320424792108
0.2712140354863636
0.21059176949135786
0.008159363750495734
-0.2982070945502671
-0.10209026307868987
-0.8900638991778698
-0.2668479022746925
0.17310781738285286
0.5825264499633429
0.2903515087838161
0.29438230840223334
-0.23271088644213037
-0.11030836163365317
-0.2962786234815612
0.009176084163229233
0.18812671854203752
0.2834472762297649
0.298883615680178
0.22738671124598278
0.2370584396965478
0.08190569688933029
0.4169696405507213
0.16046580137368344
-0.1054435047574656
-0.1915784823507063
-0.05805403522034689
0.040979036638932806
0.011116267033799069
0.5038033207097812
0.1880073070681447
0.09274676716315756
-0.0974803420178966
-0.4080256559539212
-0.31919144277533196
0.05744737668284428
0.29593678692255415
0.097724168735873
0.48665375453789406
0.05868566345899484
-0.1365103067630907
-0.21317462645919463
-0.20638515531897378
-0.004827797028306027
-0.11084762867829352
0.18129817075741783
0.087549941791668
-0.10691653623540862
-0.29034920230248
0.15311107676657393
-0.0580024044094823
-0.25081225002444596
-0.12401473906166909
-0.08505219613597706
-0.25880806620309305
-0.18209134749486153
-0.21685831815913745
0.08862843598575268
-0.10679721642219422
-0.17554830481076963
-0.221765257756352
0.3239004112495756
0.008280338256842587
-0.02563362181182742
-0.1878576586266815
-0.06674053656088799
-0.25596525880178944
-0.5843083970544004
-0.35357598067502805
-0.4367193379052121
0.7170025463264214
0.19016363308430623
-0.09644884586232688
-0.33461225235572845
-0.48335474045194204
-0.09196098471471732
0.49417582014385053
0.1421599368172218
0.6411159440923879
0.6099288580623825
0.37558543988455145
0.03355397303245413
0.063133646459442
0.16509343548168812
0.24196169079560478
0.5461955243995478
0.27044874480411557
0.24051170278636239
0.42121947991969844
-0.12344171030076853
0.026944028169958945
0.3437650885945755
0.4038091053376582
0.38687093792851107
0.7634914861587366
0.19973244997056486
0.07485545228260536
0.7547165656261707
0.43144230490322516
0.2386802547621938
0.030576950699390447
0.606354615608602
0.2631158437992572
0.3509549523129178
0.3577007236339175
0.24700112296912932
0.4032803463115349
0.6621122149079093
0.4020456252130795
-0.031696021640008926
0.4453944085741939
0.13077248882886527
0.5484282576484666
0.10197372361855594
0.40704811533891944
0.459913840322285
0.3502453089850012
-0.0264733414200774
-0.16231360478885848
-0.12071019132876148
-0.0373007045342219
-0.057322337201678286
0.4469750318845719
0.6111881966024648
0.6686270541510219
0.27023503186420567
-1.129971392774931
-0.3246054775100704
-0.18476323778149456
0.2654218829487564
0.2522154771018474
0.11471582477935266
0.3252169579162871
0.24800453532370598
-1.6110537787961212
-0.6127563737152889
-0.3924120161980649
-0.3542421470409306
-0.0932991940559244
0.6772908836994069
-0.10809233617234386
0.1686229979850985
-0.7221129818404095
-1.2432123057269857
0.06688097605632702
-0.07561010865107573
-0.038642516883466996
-0.4577771891543114
0.31130110019934476
0.3516631433359265
0.18543971209133403
-0.02100322463427636
0.007162240088933822
-0.3880093722468741
-0.23109072778864712
-0.05303584380481133
0.11190299130714133
-0.00789373467761401
0.0017021667793594032
-0.3136924019274669
0.13945732888355317
-0.2982311812728
0.11816041428659789
-0.23889829164286144
-0.10056131876879787
0.06030219345899264
0.22700415645425173
0.1590926093286455
-0.31762091346636695
-0.04595533496029125
-0.24828714623087694
-0.1320048904960878
-0.03948446261246799
-0.11734399400622526
0.13690531789669416
-0.06529232386179767
0.13335945711156394
-0.12308624219336392
-0.08333720595369641
-0.05547982424305778
-0.26909415491367134
-0.21207832111761557
0.13786373792519283
-0.022682698724177025
-0.19553043599976347
-0.10316273335757503
0.1397174051250352
-0.10670696833871492
-0.06471885576901822
-0.27699858766802976
0.21281744363794042
0.12782122988634936
0.3200938179143915
0.3183106900410915
0.194923555705806
-0.013386502682907577
0.3047159311477135
-0.3563290487312269
-0.1375730883455801
0.0603338142342474
-0.23398554040162786
-0.198932184269896
-0.08935470797086954
-0.6068619059625473
-1.065385606138564
-0.610508323805836
0.6569835180756041
0.08089342605868043
0.0165087028944029
-0.24024585705418486
-0.08298603882959718
0.24693849507674911
-0.09147952723978227
-0.36182662630910917
-0.26876729729049065
0.1319082652410889
0.177945199364056
0.07801021727232996
0.3055181828631459
0.194160509268393
0.04785809153765576
-0.32264730281082776
0.14097980055048745
0.11397819091354974
-0.03296701154447908
-0.046948137312812166
0.2651068885578051
-0.303598155641477
-0.014731764984364789
-0.24181613821129969
0.27678021089318994
0.22415240884367255
0.28924117704610497
0.15169989814166482
-0.08946021634381686
-0.0018900002226964231
0.012747998075741028
-0.15229450459091518
-0.06334478648129171
0.13278423181610466
-0.17953555966534152
0.027205580909164098
-0.04458008867571797
0.2408992373519189
0.083590693290089
-0.07623448358550201
-0.39848227012985454
-0.2992173293285742
-0.2939769071529509
0.32763161164022936
0.4810477386722073
0.6586321184803654
0.04433979449427193
-0.23987174466376807
-0.310363003726441
-0.26838984758598616
0.24291019653131973
0.25340186544693905
0.32620085019301337
0.34886872104898065
0.06250829955294201
-0.06367263188962834
-0.6691056685808376
-0.1612163571291324
0.4077766013449542
0.19589050863388704
0.1576689226690656
-0.018061553176933896
-0.1400247217685341
-0.06532947640906367
-0.8316747385296286
-0.1779419749884502
0.08215336871415627
-0.03198291746192984
0.07620945062044254
-0.15144963749508794
0.10672833130506582
0.16510042318915605
-0.33020736884559876
0.40676021036275367
0.12227671655393063
0.40573909458085206
0.05644222595473673
0.09242848502208674
0.01729101182347464
0.28953171364912844
-0.16231056770980343
0.07167913656156837
0.24610263540601077
0.11614418240909588
0.10509201761837192
-0.3164089726324394
0.3396100427013029
0.2624937344803291
0.20136289068333701
-0.0004280183451944907
-0.1123693390065692
-0.149163869904784
-0.02557450948233259
0.23174237802057865
0.12256635761799681
0.4407750761667756
-0.18836256164182844
-0.06414760060876946
0.2109675112790441
-0.1502440649329842
-0.10189951491766251
0.15426545058753544
0.49356304771981824
-0.05802567375282706
0.14444892951425228
0.0223785856972933
-0.054765324315838575
-0.30614949339524095
-0.0793660267805684
0.06834736443258713
-0.45519115720272224
0.015663266519928377
-0.08250833648396065
-0.04727192903607698
-0.16421459422015938
-0.038385561738649834
-0.10667829647711642
0.04428663768566076
-0.377606277887956
0.36214653452889867
-2.8347446504633886
-1.8195610649394514
1.4625022096288516
-1.8616601727261943
-1.4412546806307465
-1.6932550571451934
-2.2008449802034296
0.8507248913768192
2.349069725239958
-0.4832035440725498
0.578148579155434
1.776004087885247
0.5656151949769881
-0.754118269341842
-0.6402912075269243
0.19257028762463782
-1.0080825258175135
1.9487788530547034
-1.7529942641949918
0.7248443215014367
-0.32686863146792955
-1.355247459251524
0.42637536064477705
-1.2775776433684392
-1.8671111361956483
0.7268564543437367
2.7734766481769193
1.558559993440061
-0.5655770798921999
-0.8163322818989527
-1.9728164277428257
-0.3636183725160478
-0.9897066965998134
-0.6473542566323477
-0.09193681254592735
-0.00017131419009497833
-0.6702266617516888
-0.19238991993366647
1.6390686387241946
-1.153125345810054
1.1205286642685095
-0.6585782526032687
0.1682972619297417
2.3766970187981626
-0.6966153149011236
-0.42077727742676024
-0.9964721206375576
-0.031033933581634122
-0.03826062096479067
-0.12834137173776217
-0.6424719908002098
-0.4278271535582406
2.0404276963603953
-0.8781841009233934
1.7653009924021978
-0.8314052319374021
1.36087564415935
-0.7424070435987066
-1.1936226419460223
-0.6389010306453097
4.109261215894446
-0.04124639337269888
-0.6658752274632396
2.9617324871193773
-1.0263765698167782
1.8223588547894072
-1.3175583054518138
-1.0336927342662539
-0.038400623970259236
-0.8853926173933347
-0.7749021632210589
-0.6777267528144988
-1.0777992204945372
-0.23331168813684697
-0.34342272191667683
-0.14268908096984614
-0.7065359498746954
-0.5493204641720026
1.4395773149947455
-0.6656299360109748
-0.6671456646682301
1.5156016193403037
2.0990438086373207
-0.6413931865982117
-1.081108691360664
-0.5362475597465208
3.1789925318516223
-0.029034015186793043
-0.49951228907392065
-0.2844296937159367
-0.8567915738357417
2.2925364088836813
-1.0637444062980188
-0.6584374033321744
-0.19100658733733167
-0.4847539514154584
-0.7472119036017386
-0.6374385745558367
-0.7211126528648648
-0.2580431988861469
-0.26877739164806463
-0.2720699300466038
-0.9264586277601177
-0.6406095349984747
-3.8182440132289295
-2.299320738645081
0.260705040032327
-0.48124510940569415
-1.9180720889279392
0.5553492210968952
-1.1400832609168232
0.07079505857179225
0.9739142672622335
1.2408130627149376
0.998376731280312
2.698947459088013
-0.052479120922959185
0.10430897690842761
-3.0883477002069872
-0.325682157134638
-2.0233777690922716
-0.13419514270476932
-0.5103594221183967
1.436731866348668
-0.8925001671504096
2.4613512472704446
-2.0396182812328036
-1.7843163996893228
-2.305815166346727
0.20349247494818992
1.6853715603194173
-0.3979477015876246
-0.4785913249009143
-0.5804168273284007
-1.8065916234418984
2.5796154536020257
-1.0656943526672598
-0.3738253636467623
3.9525747913182667
0.11207775745800021
-0.315898470345144
-0.06015690876530508
1.59344334870397
-0.6913056498707849
-0.9812343954638187
-0.6464718183632622
-0.2537144063181646
-0.41833307461568675
1.7354945697084645
2.1114946666530154
1.9975650607726811
-0.149507670363417
-0.3814161488745272
-0.2606928233018329
-0.7799597921703888
-0.30201067005244703
-1.0716844348777705
-0.631684036167594
-0.46086319737832665
1.18122828220651
-1.6086440855392197
-0.5809751342763061
0.9539887493570384
-0.7955650342437784
2.434981832191558
-0.13540452969565892
-0.588114848024677
-0.41007692400374063
-0.6688957913308647
3.535789424079749
1.2678689981270097
-0.7069308408442928
-0.08811855669430434
-0.4049005661400611
-1.1346100477256698
-0.6941075024677972
1.7608489812353472
-0.15864411279526267
-0.10298149356527364
-0.2901000041986612
-1.0403179389097759
-0.9202449865723215
-1.3793037625404267
-0.7711335242581505
2.004594116660873
-0.750101178701156
-1.771576598893275
-0.5083724703046127
0.9731574926058981
-0.3915219555877703
-0.10526156618685821
-0.010728982983861173
-0.59560421155265
-0.22095092468071764
-0.8492613742033158
-1.0720356164224185
-1.2134488447803746
2.5584510395915045
-0.13050256362315982
-0.8522722596257678
2.002576172178742
1.861266991696292
-0.9138784672319673
-0.15528718092365112
-0.10060476385421892
-0.29793340216005965
-1.0173548144147957
-0.5159948478665103
-0.9424288972581963
1.5545842544160324
1.7126278937756054
2.0577558636634823
-2.1025065662335853
3.038509229949893
0.8975589467766312
2.05692026751628
2.9679735322400425
-0.03901276856945624
2.941272607224813
4.676404111775203
0.786211331556165
2.5609248532079425
1.0083773115430816
-0.7642168185966097
-0.567897910643779
3.6597918039853488
-0.689205574547139
3.9111386922992972
1.845871717274306
2.99393301069636
-0.7348464834533632
2.8583912484086746
-0.9641457538375606
2.8641553650004203
-0.3080495318132373
-0.2123409748030841
0.04453481365256424
-0.25725881955287083
1.3598940167818154
-0.05221898142018312
-0.5273166613711235
-0.04583060344993634
0.013697736206651573
0.29196434160074075
-0.08440968556179503
0.08582970927072373
-0.19319176719087167
-0.4539483530980152
1.9539221069775978
-0.18748039689001295
0.40460473989826357
-0.022475745149929314
-0.18850331476640297
-0.13182134567969028
-0.1670033185041093
0.20704039862093793
0.2671981662673794
0.29319415003272475
-0.27499683278156756
-0.09721913844181673
1.0610877836301713
-0.8386291368471693
2.074289874345538
-0.9266843826839928
0.5027576821971597
-0.4080482998128446
-1.2565103366776857
-0.4725548459908314
-0.17866138573187496
-0.09643242419380706
-0.7986089950242401
-0.2532048289568213
-0.9585836283438037
-1.1891666517120467
0.9896754646848601
-0.7880834317964533
-0.04593429656144467
1.869352461165541
-0.8624062205725482
-0.6533297312126515
-1.0326887337840267
-0.30543105460799025
-0.2922320962038463
-0.3419013008103705
-0.9246250511633974
-0.6099466619106034
3.5016339321656904
3.1596440584194663
2.4902396431933607
-0.6808320680064541
0.48213787692576865
-0.3600304883825604
0.9202505474416091
-0.24562146993002104
4.14265162095154
-0.036768759584988805
-0.47975816180194353
3.7220830174142416
-0.4918416566287755
-1.0210468423671535
1.603671969669452
1.7247603752839435
-0.008833513241760772
-0.34833857163305265
2.0389058190039666
-0.4196331609117644
3.1625497076116384
0.08423094522224994
2.5062041214854567
-0.05181549317624122
2.0075066453980974
2.3862728017156205
-1.6352839025006725
-0.8002295001951958
-0.9141803341109475
-0.8554584558522507
0.35060258540874495
-0.6399513250564299
-1.6065218376282326
-0.9136542645276112
-0.3141242331713132
-0.04211202460604557
-0.8958836359299084
-0.535471734540184
0.6743028531480152
-1.6488038854282172
1.4481039035465473
-1.121906265729649
-0.20875753914073167
1.7653707972357267
-0.9975080911465039
-0.8992984621620387
0.8891243136290842
-0.4024300979244949
-0.9280353367043359
-0.5539563604936124
0.7347814308575897
-0.7497759240136548
1.039139224493405
-1.4496194446347817
-1.7033179481235219
-1.760307654757676
0.4519320441476524
-1.1984836166894295
-2.0785648264203016
-1.467126286255646
3.9939434214653504
-0.5470575047682323
0.48194798527260524
1.318353907785368
-1.9273619921856684
-0.11192025682777268
1.2777102394220738
-2.090515458083931
-0.4444669002510628
0.46328803984008443
-1.588873005083801
-1.4278346317180692
1.2425944791750347
-0.6512533148780375
-1.2442649686247582
-1.0264178180810413
-1.6961235018749483
-1.4293342781643976
-2.114300288130623
0.34584290039883014
1.4973096681705542
0.36197891708635366
-1.0780760552250859
1.3681862345956985
-0.45758135909157566
0.36740758346931013
2.355127595759783
-0.5018064228997082
-1.3481022603072963
2.1484129141268595
-1.686986198496677
0.32062022933482154
-0.6336286682565885
0.26550529773957343
-1.0138564099462075
1.851372766069665
-1.5720810114548096
-1.2055671729706234
-1.6950949270933686
-0.8213997226741264
0.9707471798679572
-0.9206178704115887
-1.8012217104002601
-1.0584947932481705
0.7090360435760775
-0.7398124563485925
-0.7097104321016092
-1.1462302683858487
-2.19646037760047
-0.8478236504625888
-1.4056224999238283
-0.7633051992538319
-0.4150784356886883
-0.044386860663293635
-0.7408705055228515
-0.39633200698469756
2.5165352514466934
-1.606096982292355
0.4507631875781835
0.7782619261402055
-0.14558551946441542
-0.9950889219021455
-1.1363696527039984
-0.7285640762542971
-1.0631851538497796
-0.27292089178899875
-0.2793268067443603
2.118177876024604
-1.3076109714231927
-0.8184370338162804
-1.0073610476484836
-0.27918481524733685
-0.2821445651584121
-0.7293934207436173
0.2785021890154767
-0.4740859623900756
-0.8135770182314208
-0.18941596595284174
-0.3313580110799843
0.3924238791928193
-0.19568333424646742
-0.23405156691165552
-0.4969309055501189
1.6258695908451946
-0.9642911722955336
-0.3619758265986178
0.634999481855493
-0.4165366744559487
2.0871461407180556
-0.5372090866611137
-0.5875997033557977
0.1312019084263493
0.8594815296288061
0.23104858303990328
-0.6870212327434644
-0.24877088555336885
1.7992726408092876
1.4549648179211307
-0.8112091949091927
-1.1829077302834088
1.5881518736549542
-0.7787254358531034
0.4860825583815766
-0.6457177719040529
-0.2740534899871063
-0.09238281949123621
-0.779832020120595
-0.28723087142284415
-1.361470168645732
-1.3807503574234021
1.9909590678637277
2.008355635999011
-0.33309795441161894
1.4347134488572864
-1.257108543337484
1.4109504546634142
1.628555829608342
-0.31706482680723763
-0.24054571281793694
-0.44654829248748906
-1.0078771188207205
-0.6618625261423432
-0.92395160374177
-0.46398223220926604
-0.5428524821796581
-0.6124135625026859
2.067041992330111
-0.2944933322690266
-0.8205554211049307
-0.43275296510220046
4.367124358447085
-0.02888775624613884
-0.4924025299771635
-0.25825791000391324
-0.5992051691264157
2.8131483115098495
-0.9430664317763926
-0.46451859758218983
-0.05026371493061569
-0.48207153080632376
2.152485677444353
-0.36817472874504986
2.9489076492305264
-0.10236391873747477
-0.2791620892217478
-0.13780181988102408
-0.5321374966125452
-0.3008797736162294
3.2156428287955134
-0.6680876993680979
3.078607230697406
-0.6820680330229382
1.565863712532243
-0.41914439010965165
-1.1522151369999654
2.441851132807424
3.5148618102620106
-0.045931333004676
-0.38476221718083553
-0.15246433948310031
-0.624376261586989
3.103619162978392
-0.9274291485842778
-0.7505882421511665
-0.028232864799684027
2.1579665150904126
2.564950402381932
1.766965249090086
-0.6706795003480588
-0.13020930223054183
-0.37675235257704337
-0.14396772958941687
-0.7400225873015732
-0.48630108499310976
-1.7990627614683055
0.6623929056254331
-1.2974154432009204
0.14027940535417555
-2.510959655842588
1.2476010455927071
-2.4468530780474773
-1.1435158052352037
-0.7496977442496926
2.168641695596513
-1.1814379763570286
-0.701556420301434
-1.503177635986977
0.4108440833846434
0.8946211100752733
-1.3092311503877105
3.348491584192879
-1.1366979953359015
-1.6519420576590806
-1.2867185394105118
-1.6726930013428256
1.8109345024183539
-0.9089200306884092
-0.7913246163569857
-1.4620022654058824
-1.0797331113862596
-1.453027180720792
-0.3259310087887014
-0.4885356680363533
-0.6826464873812742
1.1318470140302346
-0.25104712168434745
-0.8181265378303518
-0.08998273072880776
3.1731688412681582
0.1285082214322344
-0.19990038523117576
0.04997594573714317
-0.5383518223562833
1.7355711122123352
1.831473118535063
-0.3787973185719041
0.23563485837773657
-0.2525360298625368
-0.4875580023491644
-0.3947407910594345
1.5453146267103193
4.092408004697299
0.16992623595924894
-0.09913808840970799
-0.3891980037477523
-0.14771412268088321
-1.4438855565923603
-0.5591780525327295
-0.48608628941576754
-0.7285776506703355
-1.9203874852049392
-0.5662797525837481
-1.1397953284479685
-0.25263252830595656
-0.3764866394952428
0.2411863772057593
-0.3312146028415635
-0.28546962803840625
-0.7676925958035004
1.167100330264137
1.7217390941809052
-0.4310798735301947
0.8634933524116251
-0.5113361176987417
-0.596792142049007
-0.5534341729562123
-1.2127480145792713
0.2307461221181464
0.7472792901627181
-0.1089245778874358
-0.6461550172393482
-0.3002369986266036
2.101053781901344
-0.17768880298415907
-0.23109617087220943
-0.31684202652803767
1.8547716366474047
-0.1669391549599002
-0.645812019263368
-0.10746567083442846
0.17763030141375943
0.6701500206600151
-0.23056890043505537
0.15877920788448815
-0.32386962531390084
-0.5423421934380346
-0.5689345907345421
-0.28045846302463895
0.5747917765848178
-0.11083577424268647
-0.3680090752870626
-0.22730316768412176
-0.21444085575862415
0.1170581607254184
0.32592939865914894
0.5154362716052446
-0.484790461174385
-0.2360056098408492
-1.0457212416560662
-0.4253715626375263
-0.5728210537233527
-0.8135014378734694
-1.6136942760903943
-0.4870472736045552
-1.0835670830770887
2.514421475283049
-0.19593348614427067
-0.004387658315607986
-0.315796765415784
5.217723691248653
-0.6303698038718968
-1.1825335736406952
-0.9354324539639759
-0.5041131366513654
-0.28715466265818
-0.355905281330245
-0.7964714747409543
2.411308640833228
-0.6728032889943112
-0.32101896869574587
-0.3105737885465906
-0.4021136919959086
-0.9258348249953082
-0.70434195805931
-0.8096236214614702
-0.46675297851371633
-0.3629987942926338
-0.5009991745220022
-1.200304752812683
-0.13349040394487965
-0.8427614017936091
-0.30848408789118054
5.173303950907352
0.05133718186445013
-0.2803476648791441
-0.13541886626839839
-0.6339350148607522
-0.6836422416583529
-0.7781006525534845
-0.411085013473782
-0.04258705501565189
-0.306897689381211
-0.4601032520357841
-0.2035914747054815
2.8050023324939453
-0.051154882804045794
-0.273750457219659
-0.17348925792867764
-0.5507757934968304
4.019834458079496
