-0.38673204042832554
-0.3948608856255633
0.1157621790723669
-0.13148289635025656
-0.0938022336543078
0.07123025736102079
-0.05933434150378605
-0.010502619874229277
-0.2786737995665661
0.2252666821147816
0.2995350588816114
0.17433548988656242
0.1758879264555303
0.19457652431590144
0.3470029106143381
-0.13212531155375143
-0.7175172706719887
0.01386440388424328
-0.22182304881903991
0.007654161892229006
0.16752219315626157
0.12130973550445576
-0.048703180395741424
-0.12253739696056062
-0.5046664127701826
0.10087463737956341
0.1637178080024945
0.16939145587065882
-0.05187271471979591
0.05054245732353105
-0.09330861369539638
0.015084859390917214
-0.736706441030546
0.19882602408385716
0.05187724464607308
0.06027841314370953
0.3018447807362425
-0.23246617855228613
0.07362774567034962
-0.08334839533168528
-0.5562533919675267
0.050922012758302465
0.14276477966276957
0.3060295719924681
0.02390031417235425
0.0899777191402306
-0.044237298190295024
-0.1848524858415585
-0.36446149393810046
-0.183595648488769
0.03887529848257084
0.26624213598218943
0.06886246306370002
-0.00820188058873137
0.14815327158516597
0.0913346666379737
0.41696114715176963
-0.36086376467925424
-0.10676025888941103
-0.02319619700505433
0.24762840483598847
0.5037719852869125
0.334415737011671
0.22538183755674088
0.9934336057680465
-0.0688684981349986
-0.09992795674372466
0.27430989165908054
0.4076632137146634
0.34645588255371945
0.6261168668336308
0.019587794555151278
1.0143624773285804
0.10305948830624585
0.2885807918491708
0.018462340362690184
0.3433705504671059
0.5974976420785209
0.36592345179379915
0.15161986496464722
0.2177371145607758
0.15992748817152577
0.01300011294178392
0.07797582336671703
-0.00332520067244939
0.1292550490457045
0.16837966489220735
0.4298753228861757
0.14072561421505272
0.02455865523958506
-0.06776353261894469
-0.08443410108128759
-0.11539534200541192
-0.1362837779563043
0.024893404374310885
0.7143775141835956
0.031206386967900922
-0.33664593265369597
0.025184233573415767
-0.1414760789289848
-0.11831838489348027
-0.0946290185399883
0.16091578357667022
0.6045359732125615
0.5124641603100987
-0.04613179320838564
-0.22856795770244134
-0.07649682781842718
-0.20516412790650973
-0.18120646529181278
-0.1170687410908547
0.49004062211302485
0.14785906004932986
-0.31035598534929687
-0.26921234144435713
0.0889082772375988
-0.39947171269121035
0.08935885434009218
-0.3558025068158926
-0.10777461237837939
-0.19670341374485653
0.006533271684848705
-0.7969075371176618
-0.2632877313931455
0.01650128497788748
-0.07787051001504318
0.007491925717824052
-0.39345390476237635
0.5518937004145081
0.23535952787975647
-0.07346328164320554
-0.6352109445722705
-0.6267845649603956
-1.1553070820953373
-0.9957002082244661
-0.8812126960036762
0.05154665534749671
0.021440831437130565
-0.5187432663191502
0.029776196251337192
-0.10240875750805084
-0.3696008610466972
-0.32072679659615355
-0.5251529011613436
0.1250094278897016
-0.015193726940835506
-0.024507499176988932
-0.21548441702300222
-0.05436222444512727
-0.6916015843672157
-1.0005701577756463
-0.6880699908620467
0.7131309672735728
-0.0839787223764285
-0.1252261985220287
-0.2044597812083323
-0.1818319270039126
0.0265668335658855
-0.11018981089731716
0.20181819833605338
0.10699240595421837
-0.028063842305473884
-0.02371741098730847
-0.10292041176582692
-0.046034420236417184
-0.43681834792989715
-0.11234141988249378
-0.09857591881858555
0.009053515438224184
-0.3144157169471777
-0.3521751145136981
-0.20400711930278603
-0.37954482237931936
0.19673691866687712
-0.5804718060557403
-0.5824864008531883
-0.5834905896823814
-0.1086408535066993
0.04401408131629169
-0.03812952430604639
0.1561429095661095
-0.0838498951996582
0.04060704378639376
-0.8802165320548296
-0.08195606548169132
0.09607698466859238
0.1972212234668737
0.043843408554230835
-0.24633279339197559
0.12672417417137
-0.06931210971939684
-0.49785397028690526
-0.24981444740146463
-0.17813993434659933
0.04554326663833341
0.37075126588078716
0.08759410821798091
0.07987000872392086
0.05067313332131966
0.06864560494562345
-0.6510745678589035
0.23200337296233667
0.1608325753392757
0.11807524856838389
0.2537988585100396
0.22375835521109216
-0.10318528772847922
0.5286938899929753
-0.03346685130899168
-0.009769346713779497
0.43001348999232664
-0.02529243799458107
-0.13068928675953914
-0.17934986808730377
0.19731995424952523
0.5979788854320881
-0.23027735182707362
0.2292413513280787
0.2641612820128102
0.06859922566043794
0.1715342301097647
0.35399259310419606
0.14133439816382878
0.5081737329921775
-0.004420233063131579
0.23605288425576287
0.31447384286076796
0.3818762508390778
0.03420455559102774
-0.030678143706556908
0.07988885044082629
0.4889849382641217
0.26963521647094096
0.642398681489649
0.5354188414292724
-0.17857664063939266
0.18279576821802157
0.12429333834878797
0.1501476813659097
0.10812908534280026
0.6679915679371918
0.2286008137126987
0.7763576471867981
0.11009874051901254
-0.0044253065084949895
0.14464352602709124
0.30642633768137745
-0.35023499284454757
0.6589115935342077
1.233219368972823
1.0227355885919682
0.24962569349736075
0.4084692495082831
0.1063110840820574
0.2206889372384573
-0.5669047748178637
-0.5972339137177645
-0.237441424480328
-0.21727348168443691
-0.04521815856239526
0.3681028533685155
0.24049982433851153
0.548918651101091
-0.33489378883439525
-0.2151151378161318
-0.02571195909765027
-0.051020742710436044
0.057305399059987605
0.30646677616174844
0.1443422725090037
-0.10039155173460362
-0.23358726649723546
-0.43999116998106624
-0.23327567814559666
-0.0996803336191091
0.3515718033939641
0.3552377428387977
0.1694536777281788
0.0654571254136085
0.02868421676892268
-0.2861667750220371
0.2625127143304753
0.27072253979717287
0.018308341804568876
0.0785728017969888
-0.03241743649187309
-0.1872622065312715
-0.057082289899409895
-0.27751600410966026
0.107946542863633
0.43013798985837304
0.16306522694153955
0.10708063354267189
-0.025708877331934478
0.060442553547858886
-0.04462040251196751
-0.12796017921803013
0.2940351756612615
0.6149224143036687
0.2079942119945872
-0.014988979167532675
-0.21694366627837655
-0.2872655944955047
-0.1831310023409325
0.09751089685614381
-0.1514778770179061
0.2744560833347779
-0.15374707231253948
-0.35932542317156324
-0.09814031911187525
-0.41376120319716225
-0.2688373122953852
0.6028760736825612
-0.12108343324431
-0.7734339008345144
-1.0303844118176135
-0.2088981541467378
-0.4492608055888202
0.09030340528398913
-0.5749934517691738
1.2229851998408465
-0.013337515472696888
-1.8137101482906663
-0.5528706344763817
-0.7252735493958193
-0.5825192332692992
0.08682847070206476
-0.40990569297301227
1.924851576350398
0.4089182740532401
-0.48494693835510777
-0.5038355175789468
-0.47563678285556815
-0.7003460008823572
-0.24728158895468533
-0.3283433917676442
0.4298938995592709
0.3920953214406489
0.08472728757186407
0.1483279784852705
-0.14493681650258752
0.06032941414897139
-0.30265163589223026
-0.22829091251453124
0.08285509341470718
-0.18695627565390988
0.12670547135985924
0.2451797113713784
0.033666020238947214
-0.018427324663254162
-0.2119840421463756
-0.478295674199795
-0.44398533789548034
0.03071806107048757
0.06058385067767697
0.1283270151020895
0.2353494428899013
0.2656590120521642
-0.2542945414112072
-0.7409479088757945
-0.19996799666646564
-0.01618283248506997
0.32730408790268867
0.3208223161699516
-0.010798353003451467
0.13934720556649524
0.03284323847801367
-0.2698825195358662
-0.07189221153831439
0.10965135624698834
0.2711220977133385
0.011888189825292692
0.17898264532230462
0.14519657076948617
-0.005076007233234987
-0.10738596134627
-0.5631323853946397
-0.08148746705826762
-0.04988208114270721
0.35461479061710965
0.12117961278871593
0.6835451026799356
0.23657497018822465
-0.09946882006580922
-0.016655729658444182
0.016582392965423385
-0.4731072281541704
-0.4738438823123254
-0.12700817340754533
-0.28913768590654804
-0.5153827196433539
-0.22168069976476235
-0.3089754188636272
-0.13608529460147661
-0.06297044585941253
-0.18695526410777016
-0.37630703136715504
0.0908320023095057
-0.3291695452043559
-0.15233732705926512
0.3048933400840301
-0.03204698714300065
0.1931042537574862
-0.05771062034279462
-0.18987266678091497
-0.16807123927027992
-0.1840915109716595
-0.6483971426049637
-0.5934181751204896
-0.3330713026413808
-0.226348129179041
0.14563620036319824
-0.12084570599844843
-0.2481615704076961
-0.10946290248829864
-0.15251891839951176
-0.4515969530404383
-0.6431720947319489
-0.7616335340674403
-0.2062205552368833
0.2682566548657223
0.09473710652935823
-0.1045686555151839
0.010445558830947853
-0.8436692409701985
-0.05864153209625284
-0.634744135622284
0.12171618128492721
-0.33548321596573416
0.1541272692490182
0.16732018779773702
0.23617860963746387
-0.9203614653720604
-0.40630448798092694
-0.19925713798285205
-0.10972331454578013
-0.07619579793912037
0.15736857780736757
0.309382160129311
0.10960798668202915
-0.9927091813999317
-0.40459706741011825
-0.5544800471454032
0.2256780550829098
0.05456455099422811
0.28895332982203503
-0.048909023262279576
-0.04953699727609259
-0.3227390843841894
-0.30548142944788204
-0.10809065912501847
0.18645104154346362
0.0534520462964524
0.4051730737021373
-0.40661676027101923
0.03563346583742369
0.12494855993425551
0.3077930294510518
-0.18549782746115925
0.14611886752731845
0.32704496417929635
0.02652805646071612
0.28195644113095225
0.12201062778960242
0.36557629712718986
0.09135595794196553
-0.2555851709717622
-0.047796070795559864
0.4913136659104335
0.2474192785721671
0.12156100338085053
0.22600950081091797
0.4958514506180764
0.5080186769573821
0.09306287556532157
0.11825080189654852
0.2202331442650742
0.7536311641023593
0.23602041211209548
0.1573934741717258
0.3056509881789952
0.5604877172020487
0.1644705704141156
0.1286127156378014
-0.042131617500880486
0.20563902132205672
0.22205431717655771
0.46700904980725866
0.7590457917351512
0.4832897865194778
0.5745877078755469
-0.07064855281350572
-0.04681399113750067
0.49044004685220605
0.09123402494752837
0.6146024295307048
0.1992579666696377
0.6125504349135399
0.2847692144937482
0.039925420930386486
-0.06670123077042868
0.020173815510639754
0.4621235222805655
0.3147409283392043
0.16870568974448025
0.6965518881453617
1.2660046519628243
0.2708725258129229
0.2534865465393485
-0.3024150046827339
0.003312407534609927
0.5988474632983815
-0.5195242747715502
-0.5070828399007933
0.11925619677812195
0.12735783416333746
0.038713987453773566
-0.0993397153643226
0.5883984943760242
0.22703884778214925
-0.5812806517136289
-0.048370004996283314
-0.25374120548203216
0.4132836677751726
-0.026488074002178896
-0.08353984609825964
-0.1323945309767478
0.21639335349610392
-0.2971533566648163
0.07466741732839184
-0.021781258148018
0.068999594823855
0.3582910205445119
0.007047789186855738
0.37989647950587807
0.24806828133568806
-0.41420513324200486
0.2686353284936997
0.15829625897967226
0.2277193176145312
0.019603809951222528
0.16458106728392596
-0.08478075300747095
0.25719269742155987
-0.36626089002925716
0.26438123419116044
0.05805146060639347
0.2142872854895407
0.23677395246031024
0.10120799516785871
0.1269796993313389
0.35972995372734073
0.28335505813750267
0.2306259518525382
0.3436680535829722
-0.0506432427811722
0.19640899955775137
-0.13675494743551683
0.07821715602270188
0.07976924478132834
0.4395153789852757
0.5853678273945295
0.48593464450715074
0.15357649840719817
0.053895668735560245
0.20350684412291425
0.06770978890126551
0.1882108138278764
0.94866720963324
0.6126479870044674
0.6015249479086365
-0.040117357548185004
-0.02530284683512258
0.24671146855612464
0.15103260148888684
-0.16679917750135154
1.2102605688142218
0.6088925816637181
0.5799287600204482
0.07090847513534519
-0.1202617321780099
-0.1434349432888392
-0.1764262117772035
-0.5563230386977285
0.6954233343933751
0.3459899773299646
0.14175329521613855
-0.21845644149578608
-0.37347194271317674
-0.39369819423245833
-0.3186046582398003
-0.18969652174970503
0.4404580915081839
0.28936783181924475
0.16980154053132493
-0.09866154898767222
0.03373701392191443
-0.2088757096689171
0.011078663458374252
0.039755057462184794
-0.3112452638706447
-0.14075902273797372
0.13631860304835114
0.07663037360836672
0.07889159489071183
-0.11742498755178762
0.029728001294269297
-0.25945104583993567
-0.3668749076144231
0.03637863635595851
-0.14223653363697514
0.02247042235362043
0.16673478716677653
0.2535170978586417
-0.081349868599827
-0.28477257030430597
-0.6743274436419698
-0.08138338132859799
0.022698096522082628
0.12027841370381505
0.06065154195821795
0.1762845560382561
0.19093807366861398
0.00819820429639383
-0.3804479524236157
0.1368006859808557
0.35317876705545376
0.09900842378621606
-0.04427691977709434
0.20720872687156247
0.2939548144805419
0.06082495594703577
-0.4159682355370031
-0.5563383386976302
-0.24825025909599477
0.13495850774537277
0.18799318235778806
0.22412303719914267
0.2576642312131984
0.4104106478944619
-0.45406131046963044
0.00958539583971572
0.008554625970845048
0.7357858739010159
0.8537067076138556
1.001413922646891
0.7194490585883345
0.6486129136699328
0.0753546238119236
0.1571997232572897
0.5468614361490068
0.049410554264666395
0.5615015277416799
0.5156077400273004
0.6426201412584562
0.9909657419492114
0.25483404787115893
-0.057306158233811355
0.22772560322219457
0.7554033812735135
0.44176344051443545
0.519977435348858
0.8979950670312699
0.6071385637126118
-0.15293000088021
0.08792398480532157
0.14399075780264436
0.2713708742774612
0.1622211623026671
0.08143224735323915
0.29608447585036524
0.312856093690758
-0.6726500007955705
-0.33798776917396256
0.16908768926412374
0.2359659530815349
-0.1664181057339062
-0.23093195899129176
-0.07307530398304846
0.0606893115014265
0.0006879615550193646
0.14235869250464808
-0.14945377839329957
-0.585941722904831
-0.2935830528644841
-0.702564507427712
-0.4230894472800972
-0.16181623038455908
-0.40590217439280973
0.02766293294753388
0.037065482090014756
-0.1422358378361946
-0.4636195182554873
-0.5118283680134635
-0.3900120145536512
0.257954138954974
-0.08400462287501928
-0.0015694172843319144
0.356562412244941
0.43624113165484074
0.1144130942644828
0.19860816800582629
-0.23960080965187053
-0.20884453715969828
0.5915188574330065
0.543235494730496
0.49881082268226395
0.10362668770733373
-0.013514808295178028
-0.12118266684119798
0.08325615517693387
-0.4453878716520313
0.22338807441998998
0.47125082161122633
0.3529222193731131
0.1823508335015955
0.03759063908779258
0.10854672284309015
-0.4121410331984626
-0.48718996254507163
-0.2832866735318881
0.2204703605815014
0.593124158859874
0.1432524095941175
0.3335199462146468
0.002518914027310687
0.29158128345988127
-0.7995458915704499
-0.1218486822149544
-0.17255030426645
0.17084438456937281
0.054259213580665995
0.04777910961102285
-0.10426472588846462
-0.08134058677046695
0.10225498335956716
-0.7707349514226046
-0.085525126898071
-0.2824663563999214
-0.001005656605645442
-0.14450872390197655
-0.17317138679854488
0.06363302181245784
-0.06954091921825592
-0.4670245067902386
-0.7552607968231774
-0.3887864059488879
-0.3750640689482761
0.08330165123230321
-0.25583834625488205
-0.2637054065655153
0.0645518019905672
-0.49158504779741885
-0.28109692702830463
-0.6335023487646096
-0.011150180282433243
-0.19401511769550092
0.07995308126661398
-0.22693285348417538
-0.23522019337199845
-1.0970801857946901
-0.8960387661661633
-0.5854260546161275
-0.48103943356251316
-0.5116846707661115
-0.41847208765235505
0.04431337694291021
0.23796841715742595
-0.41159653656977746
-0.2572648646395944
0.4779468354562419
0.17548177585655983
0.33216575298564416
0.3209580240952051
0.161130452759993
0.09932090752542633
0.025577014550727046
0.3765957734711779
0.13435799696706624
0.35198971636058857
0.19178789595574544
0.07613835289741155
0.24597716415054385
0.6066024697254141
-0.09025047384186746
0.2560900192152565
0.20842853342091372
0.07853562295274083
0.1851401637882467
0.5392951549380585
0.21551856353785426
0.049908319834323485
0.7350891058664426
0.3008593065904965
0.5369449911719497
0.43779181124505234
0.05829964875588422
-0.030227582978068147
0.14302382974766853
0.04576301020778407
0.2269216310737828
0.38050341771557494
0.4864701339534107
0.37831288855227774
0.5221508833641714
0.4922679897116106
-0.1472161920025884
0.07032733237420818
-0.05321660444747553
0.3050277850993588
0.13678351348471304
0.18125476790270023
0.3651647407819966
0.30950547817804247
0.44257318194578954
0.0742076014869153
0.0665452170200195
0.1263027463387672
-0.20845686997538365
0.07321708202284151
0.21126731906960974
0.21742755149123516
0.42396906263100215
0.32015895390584975
-0.660413086958
-0.051853870953176916
-0.2424793301921807
-0.05558335857576609
-0.06546853580542675
0.1640426095710917
0.3575178389357608
0.5414431674142135
-0.9052442360048338
-0.7206030244567532
0.20651376951501382
-0.4835324849395854
0.17372113687184948
0.3049428405533255
0.6496052092757252
0.4185907004896445
-0.35701752406414844
-0.6547382070255376
-0.27734580075607995
0.06813456040528665
-0.14832800210146455
0.4021142043821244
-0.09027670020450608
0.26487768803949996
0.15019585587283069
-0.4785795987834383
-0.45437347866622146
-0.5876185304828672
0.0027495314662147148
-0.2089397523697043
0.12207960825534953
-0.13638090405570935
0.17287424391444497
-0.09994691333081679
-0.31782301689027626
-0.060003302469531554
-0.4998177175826357
-0.02208975096993432
-0.12187924872483596
0.18881563590850736
-0.03440105187331151
0.19635999026099332
0.07546457230131391
-0.04168915787722006
-0.16323221130258905
-0.16494720672603502
-0.23042343139619162
0.27092934387020057
0.08361225055940671
-0.0009087924678887974
-0.2664510973224902
0.1413424150674994
0.04751753938530768
-0.052785831945162454
-0.3086123951081104
-0.07081892162523674
-0.10575711626252168
0.3420237605440104
0.015144625131467089
0.1590631011006702
0.04970815379631812
-0.19765995537705008
-0.05303922314529475
-0.18527454813542807
0.019650511759464646
0.16686234504442865
0.2119299928410472
0.3743498564051396
0.24208543576586006
0.14621766215590298
0.3015149723464338
-0.05763710760476082
0.5715116217862868
0.4945698599690356
0.011668231748099375
0.17242130517657478
-0.12347859871135722
-0.3360638249763185
-0.4548021208825706
0.049988146865737174
0.3337949391963512
0.09573148307153691
0.31684182038516506
-0.2025964114835288
-0.3250889358851548
-0.003995199795105964
-0.5369637651054325
-0.469176441604752
0.08903018501536228
0.23928244025532389
-0.09676540049141732
-0.0844408023242999
-0.6103422072905685
-0.45361688387003846
-0.48769365935814224
-0.37626520811187775
0.5051838625049556
-0.45457814891563747
-0.13077781674477618
-0.04074388229590617
-0.18438514805079526
0.01276322306709592
-0.13569563053249128
0.18396797646871896
0.535715098385743
-0.1762678997022122
-0.34939215169460175
-0.3515241961927218
-0.4770498002169231
-0.20910622835610818
-0.6333284001410692
-0.2017705214342728
-0.2754195367191437
0.016042274096219424
-0.16833121501568116
-0.15936950814591108
-0.21679263224165915
-0.3694923988947748
-0.19340371375166934
-0.42118287190601594
-0.3443618867771608
-0.30696592476744367
0.03548527853573063
0.15778555507288916
-0.3924520589051248
-0.40266157031374533
-0.4124156345351905
-0.46332686108233767
0.17558611111144684
0.044794439102918956
-0.21866099984157858
-0.059065154382070925
0.38203625542286673
0.030663050274812486
0.008218010108584441
-0.45312666340445074
-0.09140533731875439
-0.0833062059847967
0.21562519345167877
0.043630544331620315
-0.1223020536318353
-0.017615127117128246
0.26195209279616666
-0.3212534835418833
-0.33909255170980207
0.23054726392188393
0.5869372515623947
0.05711903553002746
0.10880718163323151
-0.10981827464860694
0.015631900874505538
0.07033822899410443
-0.2937485566992498
0.11607034709368723
0.5853364051790773
0.2467596526311522
0.26463793204100944
0.2835359651516066
0.4054624014408657
0.01828728564041887
0.060411593845600645
0.6357612950713513
0.4894449890313449
0.25449114450030164
0.13663050137963365
0.08231630667336104
0.1753582091479981
0.529601933868625
0.18691848012517778
0.5819527966490086
0.3954467183533882
0.24592106734210137
-0.08067860432584069
-0.07733913779225204
0.28475103467460583
0.48581209610281656
0.7184385988996875
0.633124785498782
0.43272629751182506
-0.015070631777413794
-0.04163239348309873
-0.2941590232967428
0.14671589211587463
0.7687030793075121
0.5587641222712858
0.41703031254432676
0.5920473986825755
-0.5198902113801812
-0.4755322227739061
0.016882908412715357
0.3142877496483809
0.3155900929638795
0.3529754883164156
0.7231901853363494
-0.1352649810486583
-0.7522063735315135
-0.31662725767359357
0.11410758718702328
0.6013591138295693
0.2864976940462668
0.37233543545870074
0.935423364933676
1.18046799109586
0.6671373737676365
0.7624818182497158
0.6187056993305763
0.5310431623058873
0.5291681178748363
0.5274822090193663
0.15585915690582494
0.45314940580918683
0.30772389682939305
0.4144510690433523
0.10815877121265782
-0.09854550214663291
-0.3151825187600264
0.35279482731304085
0.05831726942707923
-0.07834910108243247
-0.24805584826552526
0.029873971066901935
-0.7629922765043192
-0.9719441518739463
-0.9183029597961807
-0.6916093463950018
-0.5231375252309016
-1.0497136760971293
-0.5907543831481197
-0.30096940059395105
-0.10593539646497731
0.19252605893376512
-0.10395368867264611
-0.26802338687091976
-0.926466748466859
-0.46751533757743136
-0.33856334479534334
-0.5294143810980123
-0.15701161086128915
0.1213562313137023
0.32217329047606674
-1.6230665257638852
-1.5379178490400185
0.09631913158111471
-0.09605301330500475
-0.07495425083322006
-0.1578010742545283
-0.4821270914911912
-0.16323528593342815
-0.8163922423050106
-0.04896498993039881
-0.20904776890432678
-0.2990066212150919
-0.1369483207557484
-0.16027778054344716
-1.0948395609076766
-1.1346429055746865
-0.3836063344908451
-0.17652938695788745
-0.20503611759873971
-0.17536865660542794
-0.07933547221924962
-0.32267692684698185
-0.356282269027021
-0.9644561372532484
-0.7911621791794241
-0.5260723035441571
-0.03445797319649347
-0.10876395007878652
0.010353988260463506
-0.4384787819568445
-0.3244282945562818
-0.11241346619735078
-0.9931117866461481
-0.4433980081224302
-0.08215124767409414
0.10864122005368218
-0.08368936924578968
0.1746322788914163
-0.09182632074138285
-0.28435104308643705
-0.3205987556803098
-0.2312663825903992
0.17198371207501173
0.3097823842186169
0.33102276772488953
0.023329747466969412
-0.5791762493945132
0.018624087971602473
-0.2224995972012508
0.1567246157490548
0.04015613008521096
0.04636435096186233
0.23275720583969767
-0.16396270085036257
0.14500958150805182
-0.24590250537126293
0.2153105290205728
-0.29694073806820565
0.4644462028291944
0.22634051371534933
0.3176675368934591
0.08813478771452313
-0.11433066356630882
0.20239402254314692
0.15605128035603882
0.368706596947191
0.3034568285866663
0.09160650423383765
0.3536326157432289
0.29917553893574667
0.3336673530467002
0.4919127833747247
-0.021843007888187615
-0.031053409854495753
0.07179982707032077
0.07630781298845608
0.04473171447530676
0.11284751997736078
0.3540167345034826
0.4207371193174552
0.24250328535770382
-0.10888111451377724
-0.0778776530141383
-0.10412279559790202
0.13481133833538375
-0.2238925299460819
0.31587310879544245
0.544892189060785
0.1887300023993686
0.36148685590463736
0.254096865424204
0.368631631179511
0.030329057012260394
-0.0618115064661738
-0.1468925605715255
0.20051038554089595
0.27175561382543373
-0.07591038277205676
-0.18721360560785497
-0.45175499945648245
-0.1835317359607245
-0.04819303508774715
-0.1520926570606741
-0.2607837684121971
-0.6386058832384227
-0.5299404442961262
-0.03907844923495925
-0.414064148186279
-0.1592839964952144
-0.5287320285593687
-0.3038492453077293
-0.32236311057455097
-0.22006008461791418
-0.16191141436018416
-0.0964715510116255
-0.03132706279664871
0.09165775454149934
0.14617619988699226
0.3439213404428274
0.110113183507316
-0.2780795720607459
-0.11773432240682946
-0.04602086638049613
0.12089684543113698
0.12591120811616982
0.2574932012606733
0.027391988490560633
-0.07142561518919317
0.06579961921277468
-0.0018236953958973533
-0.13633220811475613
0.2003275545412757
-0.03256521499684355
-0.056227705949266765
-0.09643135326198649
0.18174968716273804
-0.30674054534417433
-0.3046162094634856
-0.1518294703008982
0.259054037485472
0.1261127494940902
0.10828877725587424
0.09605775267989589
-0.13491324893143164
-0.22723738423873258
-0.2643337020608993
-0.4566228553971898
-0.12217574660428726
0.11812915601052475
-0.05021589230650435
0.14474478566187549
-0.03646440161516398
-0.1775752381410881
-0.3928270607296761
-0.6474863920645302
-0.06596287845117613
-0.05386936552964278
0.3410381088710807
-0.1863184175728792
0.1978512873242705
-0.35347334660143703
-0.31241410184351953
-0.46995831994437637
0.04671314867786726
0.0513402943390682
0.12761299252193023
0.18652429632866765
0.10894272533796828
0.06804878588443793
0.021883221824928058
-0.2178316664143591
-0.3241478668497048
-0.025129666362328933
0.03162117793519112
-0.0012345073603709771
0.2031659376811635
0.20579317998915667
-0.09395905165152578
-0.2801632348809096
-0.3203910632501009
-0.15043625536139799
0.4095859568438135
-0.057511638994205
0.42972732605764397
-0.18546676367573034
0.09219440493530164
-0.06594329084232052
-0.3229076741864144
-0.07225873791492425
-0.09907783495262616
0.09151388046394641
-0.12504845890447486
0.3344075932931541
0.24309576099508862
0.3344677984419211
-0.1429924769712742
-0.04866245696894855
0.07343753558132987
-0.05230333950009067
-0.0055673885311022684
0.018632789336132372
0.40117210444743423
0.4085279442975022
0.5270921449425906
0.23553815651179486
0.061934346663979595
0.20001563278743445
0.33705625390088173
0.007632615444057171
0.18499604174357903
0.7940508468249279
0.6262170380747673
0.6705406803985151
0.3050717743893708
0.06350829689811452
-0.2540362472729772
0.3937492828695696
0.2023129650076864
0.06965409287451135
0.25159264264537523
-0.20376433479663994
-0.7703165463934357
-0.6555119889531036
-0.9568765357542877
0.0555316227242622
-0.02882156684918369
-0.19149525648979354
-0.12179606543568816
0.20594642923612178
-0.7135527013068806
-0.47912575633683585
-0.28424346117125565
0.4850417949206323
-0.06144704646163847
-0.025502210885024724
-0.22671382515133245
-0.6449026064822247
-0.6920629351633204
0.015128628947207042
-0.709765391528658
0.2053532063475372
-0.20375986140632543
0.045616276465176096
-0.5099145717870163
-0.02415286048920947
0.13306250162992977
-0.24122900598571365
-0.4779194377523923
0.5191732168092464
-0.1324249037841391
-0.5135332690248122
-0.2045339823661877
0.1328743497628224
-0.23198193137642867
-0.17728160846508798
-0.9513240280275176
-0.07014945081350263
-0.02699746994078226
-0.03495779696795241
-0.10622905530891545
0.0002646631197813164
0.17695819259246362
-0.36092243250908573
0.17283333857831595
0.0619062741879533
0.1060173316115522
0.2637229837242307
0.17355317806057657
0.2424403286945236
0.07366939220877326
0.06324539599281208
-0.44709688898938366
-0.22776137857659
0.13673824616345703
0.25788407187339574
-0.18739843096353823
-0.17739322973960656
-0.0797944692713959
-0.04348764532008167
-0.5554487902234395
-0.10526455010848586
0.20792793001057105
0.7849080692610483
0.0021838526006447974
0.05570773892869167
0.1734407734865424
-0.48413891523682534
-0.6551393029265246
0.08373980996445583
0.6356034926331867
0.4539991842869584
0.04212874287110104
0.12548450742756112
-0.14711533624894127
-0.009219313150997251
-0.41186007527472884
0.32208540557123694
0.19267796390478373
0.4903585435987609
0.3272125276853949
0.13289965133987391
0.019261002515596825
-0.14098781412495554
-0.19226685494361612
-0.15571873443698867
0.46832174337900156
0.48388749833964295
0.1885600695417549
0.34257017349400504
0.09718135886693814
-0.14244642351798453
-0.1369051660098904
0.7580158470041667
0.3116062894262416
0.3847616915534099
0.03718480274281979
-0.028363424453862338
0.00902324738176575
0.1897361077793876
0.17361269177386765
0.26186224174409445
0.6996316861552925
0.19442526190788806
-0.16750565185780197
0.43465098520528045
0.059966387587784116
-0.02979987978851453
0.3929331472475005
1.0602188535585755
0.035743726349858694
0.17399218930689903
-0.17102652826870804
-0.19348963543593983
-0.0678303357594485
0.435989229822382
0.1581118431371849
0.34472081839552804
0.9139239026425372
-0.06490120388619379
-0.24193203623747375
-0.40394923958840334
-0.1331751503502078
-0.07973058392909613
0.24205454596257797
0.4455204025548624
0.021879643004669505
0.74143275739791
0.014257965201021171
0.11757963404578578
0.003008346805926383
-0.28910754586374676
0.029575626860263698
0.015839481512218263
0.05677527028448205
0.06574386236076879
0.4453428358420078
0.5393248954181099
0.12977043956599305
-0.11508671797156529
-0.0431243302547282
0.24597377349679886
-0.03037461295388096
0.24921702287335756
0.6747435398132317
0.5718839716267354
-0.28574508969583506
-0.4001417485922518
-0.5889574029397042
-0.01998275180435185
-0.23433410041283476
0.4908004209235304
0.21995743529117903
-0.1792987218392349
-0.053851542086014254
0.27218363385991323
-0.09678855186038562
-0.24358674327596297
-0.015462454689378657
0.06484698197042597
-0.04575022069038329
0.06905542931871793
-0.04363086677947011
-0.30738390883599237
-0.521492591211957
-0.178317455660222
-0.21524102744720258
0.18461687605037075
0.06358050992708736
0.3533157560431706
0.1494967580647987
-0.4085678133891305
-0.6632855594955264
-1.0055058325250679
-0.14663282249143195
-0.20814494826791163
0.014795381623566025
0.026358156032624813
-0.3860457308459547
-0.22291539854819029
-0.11647562776490811
-0.4272686003264064
-0.4501683203417232
-0.06365800282874051
-0.06647266051707076
0.11668394282864505
-0.6167780516338492
-0.22029986208310587
-0.03289753075246914
-0.4523904987171738
-0.34573199912257613
-0.2253766599389219
0.2252858577678078
-0.03270500559363688
-0.9726201996197548
0.2638715952579482
-0.05528180628147987
-0.03913543913587859
-0.8409085953230916
-0.38320998382786314
0.003925209873657785
-0.15210214993427026
-0.2522672763557304
-0.4165638140735287
0.3290047012917217
-0.2905585224991902
-0.42691860318905983
-0.3057441302268933
0.003119204167429196
0.029319671339776074
-0.4602349648236848
-0.020517048444713946
0.012441512918661772
0.30804303402048416
-0.01968835266396098
0.10466944489732018
0.10974598791571692
0.08444369575704896
-0.25836635118685297
-0.09395597655509094
-0.20886184119225112
0.13924919231859892
0.06233305271526954
0.13907019424463113
0.21852936867749534
0.22797057682638175
0.18973243282209432
0.08602959833629398
-0.29509632995118107
0.15447805470230228
-0.17747154844682042
0.16070291036745257
-0.2824270576097379
0.239955415949938
-0.1447927810223554
0.3164964535603589
0.06414334371410566
0.5697601017827938
-0.2594863698168226
0.22554866852926417
0.24353163874320088
-0.23116994003221314
0.0810185087336252
0.17808679623242704
0.18823125944951283
0.12240949251448771
0.24813019427899302
0.0933134277299365
-0.24709463287717962
0.2428958420102846
0.18137522176052612
0.3728129096367595
0.7815125967921659
-0.1453666971838556
-0.16780412606652417
-0.08775856871087657
-0.17855024386654364
-0.26332434636955676
-0.14652072552992865
-0.22931816611419703
-0.23066776000268235
-0.0832578704422857
-0.16321685661973345
-0.23172415336630364
-0.1472027688993669
-0.33349665883818785
-0.42646371250651943
-0.3640422805414961
-0.2943100447753774
-0.3318984750941355
0.024657066504513363
-0.10597741566085768
-0.5180510682785849
-0.4467842970933592
-0.1916621535804662
-0.17799225679187053
0.08253132493669241
-0.20719148016138672
-0.3176734503368897
-0.30517123631146953
-0.2730220768638411
-0.29651507068815486
-0.042660372404927586
0.10447421897807598
-0.1929525603517306
-0.03727749073991145
-0.04964847841997609
-0.17365648026984173
-0.06878003315225523
-0.5473089905697934
0.19031066047420322
0.1994720911435925
-0.23601221960440147
0.10943037337318177
0.05874768463023721
0.148547523668764
-0.20550661824646502
0.1798099897931168
0.01408157787428642
0.48696716803078194
0.07545887335448875
0.6969400162921656
0.17219983116780627
0.6537639567769717
-0.15193690458341413
0.20010863329942274
0.45727988146994974
0.4517969222094458
0.08372393161281833
0.18444554615211234
0.5131448217894525
0.7305459698172745
0.34142396544255704
0.26277738241687754
0.3000488710767088
0.21209347193051994
0.4813713779550631
0.4503844427145253
0.4642823347455199
0.02650062812707052
0.3655896813307952
0.6086603719676049
-0.0883318847265854
0.11105144102583597
0.37510885004773215
0.6200296370543975
-0.011546478897206936
-0.83222577776525
0.17164294989376877
0.2442661599027787
-0.14130363406525512
-0.16856749838461205
0.6805866132282473
0.0731563963655857
-0.12010224209767559
-0.9520541545620849
0.025176325236241925
-0.20704469338254322
-0.2713474119469871
-0.0019133285217160555
0.3670093915742608
0.39153650545805885
-0.33430737675793615
-1.1946438624206746
0.029748180856386718
0.0032370749999930553
-0.3018899758330469
-0.08805120989035371
0.35636977257274693
0.18531922222261074
-0.8874083847553118
-0.9070211757650077
0.2937393543712697
-0.18122456916411026
-0.1444103108442433
0.39477099554723677
0.3393526974250807
-0.08036272953634291
-0.25117567798422225
-1.1138410964357026
0.2389789200999525
-0.11223051503035698
-0.2257010977343373
-0.1174862362581423
0.11210212885535308
-0.1665077980850181
-0.20546482073110237
-0.37283460618112846
-0.7081107796218963
-0.2444448806974388
-0.4265894514518361
-0.49589296618780326
-0.7691060314003169
-0.07245846311119367
-0.1785398053926162
-0.11093973080187804
-0.8787382888019194
-0.2756162946858493
-0.0862390591180445
-0.3788623056974277
-0.6219837647422898
0.4092119950768282
0.01631171134810443
-0.4751734267463147
0.2402714322835858
-0.1997449390580657
0.1907218243263966
-0.4668451755892494
-0.26266584222542344
0.10322742666650575
0.05881558254694923
-0.016214341621943476
-0.09257047778794412
0.08625248405723789
0.10664121248272973
0.11382744622010621
0.12660489253144755
0.4719954451824825
-0.1686569960770887
0.07598281889232673
0.034829786554131235
0.12904621471951888
0.3269724479142415
-0.14640390473487874
0.1526138149751783
-0.031409283415072625
0.15195851966502383
0.2583975889746422
-0.2545035810536685
0.2016066116001482
-0.17266953980364405
-0.28049447001492595
-0.00016671843388558994
0.32973928084639076
0.06983315430359205
0.21883689782762947
-0.116008323559989
0.0818086072361016
0.07243937088349395
-0.024393769372023415
-0.01844862855706903
0.6536303115497707
0.3071151711713511
0.10109274285300962
-0.08700163892101831
0.06688327892245449
0.2224422081481918
0.04011869613547379
0.04922058087482268
0.5256427431123201
0.2636566258388853
0.32997022088642103
-0.20008982408762854
-0.23667575280519196
0.0630438075286911
0.06376955266227267
0.21642715883670594
0.41711325446668107
0.742198670563012
0.21770260932326782
0.12113670072155593
-0.6560728515635758
-0.02803550127608433
0.31845753660145887
0.8331125592108688
0.4689099496031801
0.7979331776992113
0.5739453685050282
0.10170515739639399
-0.5308575865194735
-0.16318795943551787
0.458513269605221
0.3611452000085435
0.2900002947592259
0.5314643760919985
0.22454474074564318
0.06799104393349409
-0.2686115435953094
-0.05386380404371059
0.23867430717917812
0.16732611023284416
0.28431589552365555
0.22955718528645255
0.0031331805432265303
-0.06812307358373283
-0.32428444774706044
-0.3185638004535349
-0.11664263777722508
0.36933535270541223
0.330063864382347
0.1397121552809183
-0.5781773588446819
-0.24694061129117706
-0.5427229513460294
-0.1792327341263792
-0.37797398431812324
0.225404595445272
0.2956669205991712
-0.16178625914461336
-0.5686586204367762
-0.0669284894197522
0.03912823822311003
-0.400846273912088
-0.18905573775942505
0.013108548629947364
0.19761257713088978
-0.38139365152540616
-1.0853733855584276
0.1341458447604261
-0.07333794224474119
-0.38610414512112845
-0.2812575455160664
0.06616571967021988
-0.1926226131621597
-0.48558867275370804
-0.9948065901048055
0.16075256290256337
-0.1188342363745492
-0.04669596525677648
-0.7702188474620218
-0.18024391896317954
0.19211764476254115
-0.5972685681465337
-0.306204546981279
-0.22049796019877746
-0.27178243013447506
-0.10602748398270134
-0.5762165009051171
-0.47803444925486566
-0.18903113432761692
-0.03765771730154138
-0.09822623216923888
0.1682456386483333
0.1558365305480465
-0.26135699402206214
-0.3378026431641921
-0.4562160976752935
-0.7285450462940446
-0.258161368143216
0.35325205163055706
0.013884351041819249
0.020572811196182407
0.03599688940604116
-0.04735320260525119
-0.44720991386361897
-0.0022214021701605184
-0.22817101464283387
-0.016525781211518997
0.3200564894984715
-0.21882468056879764
0.28354544881459215
-0.018054870184288516
-0.18151727652305238
-0.13715431509420362
0.4380534035260893
0.14007378897958214
0.17130941862903162
0.33216369598454604
-0.14127819110580572
0.07145473702099334
-0.3643373656248372
0.11426921155508933
0.3536339422360516
0.5491875062973015
0.19791043953824297
0.07330048689211324
0.32672216950117333
-0.06262211772930229
0.1397286913123643
-0.08113275265359321
0.11951816297351639
0.43086797721291004
0.22489484259762552
0.4268444819575649
0.264895880735094
0.44302326705229295
0.4965153641611428
-0.11548788003457132
0.05009996914567543
0.2291688617716724
-0.06762807122168728
-0.33624746357703345
0.19323643612188368
0.17492227477219016
0.6646924614054505
0.4939723132425143
-0.1505360078197589
-0.6244738115456692
-0.5752517587135514
-0.3979011156412854
-0.24846887953940142
0.17335184360359732
1.0269866420881477
0.7316950118604858
0.08046457883771473
-0.8418977861922807
-0.8820256595175412
-0.5322227090882734
-0.4553611362505092
0.061754839377460055
1.144528094728155
0.727899103163252
0.2067890882663277
-0.6620591312467371
-0.552456221543248
-0.6118799104064041
-0.4184771536744206
-0.16453788270837355
0.12952094940538647
0.45617496647071337
0.1628792250844129
-0.1137793347823986
0.3489836797296938
-0.31287470932285505
-0.06260453031417156
-0.45550697190380135
-0.2667222622930192
-0.021263899572657136
-0.3298528936422152
0.05573849863340783
0.670055922118384
-0.154150659325555
-0.018553441501589468
-0.24984076275928171
-0.609555475435682
-0.15301975616831381
-0.1255354838030476
-0.07460794535830216
0.3755454601541066
0.41396629942053986
0.1595249623942007
-0.2525449534467528
-0.8839824263048945
-0.30970943099329623
0.1618192175846334
0.054518824593964094
0.4637834780215857
0.16716080426976462
0.4020622639137156
0.2815829709120768
-0.1931248685633902
0.02492102392641566
0.3575028265229797
0.3995398490993098
0.15042091916010938
0.16928947516579412
0.20550603922067417
-0.03073658705901986
0.2700005142116863
0.11364036284801245
0.6715119946274865
0.46331434149563583
0.44627428341033176
0.28731349217002583
0.04981198871679401
0.2527828616498075
0.4743746372669691
0.006569130620219202
0.3955811998865263
0.629291823986888
0.8264581743203637
0.9727615499831674
0.7939964890163839
0.4494958750549423
-0.08934189787024137
0.21046417502477166
0.27476850602862807
0.5942293940793253
0.2788387792884361
0.11603695289588362
0.22808393241969765
0.2811919314612756
0.42692789515940416
0.3744706641148572
0.16361725674644276
0.20801101283415327
0.48242654980680605
0.11435175001108197
0.5143203682012826
0.84958324088823
0.6175552451400513
0.5424689546702173
0.4146913677414423
0.34940986339253893
0.40321499023512997
0.18304226577266414
0.07494068161410888
0.1533598652417216
0.2920251724165044
0.13157652411138776
0.13995264741885763
0.21549651824672683
-0.30135163603869025
-0.05831629237478585
0.2054417471964733
0.36577958542958455
0.25885500483291235
-0.13507109305258674
0.23169307268060957
0.23229703072735572
0.033863052668150415
-0.039269131134630125
0.14493735182921222
0.17811204528283442
0.3631855845181533
-0.007226950155134792
0.060361117184742845
0.5194356835780349
0.09686889990575089
0.13252050615879768
0.13936555100714196
0.03596390609350462
0.26430053897608563
-0.14955134941737683
0.2496943257725851
0.6049187408862176
-0.028256752604462115
0.10830743731656889
0.17736410368931999
0.12311286896301889
-0.1603570013318762
0.12436533783074367
0.08815079482462357
0.3660043874675163
-0.013852248817463237
-0.1963136374939784
0.03638348354943528
-0.23829599462731352
-0.10315691373334139
-0.204802359432961
0.2798858297573382
0.08142789660355836
-0.05390801438449554
-0.06758486987501272
0.11466607317092908
-0.007012924578306281
-0.2767921191995101
0.005422546062984317
-0.06528971477679672
0.13663413506075278
-0.37114107924977546
-0.04930771329632451
-0.23586004094678542
-0.13915876227993154
-0.0300962584798095
-0.3004248290627672
-0.22783115618155375
0.07518744063732022
0.015267065709106383
-0.049119790719262264
-0.13852626549522784
-0.045791912429349255
-0.23369596131079837
-0.0835356143528107
0.1686837658880427
-0.20638656034014785
-0.06198109187161596
-0.18426773827563786
-0.14715596681503504
0.09145209824461309
-1.0253220776939629
-0.4422150359499383
-0.24582188507894598
0.03963090280645793
-0.32376447876694076
0.041979329618525164
-0.4734504608871775
-0.11682329155531686
-0.5733153372574776
0.05005326758070989
-0.1783995528729983
-0.136258923461239
0.04922352148234401
-0.09921023476466025
-0.015507815764588144
-0.5819110403660106
-0.23074842025993966
0.04270620344155535
-0.4980622310074416
-0.4148635051008954
-0.25827911043468355
-0.24929136385216966
-0.17243725277726404
-0.5971026252227309
-0.39474510438230764
-0.01914428939133557
-0.2654107504464432
0.5611513087318726
0.30969386143348643
0.32599292159345045
0.31369277847846905
0.2959618002087766
0.17648658941977957
0.024250515300408036
0.12389869642010032
0.4031895850414981
0.22140273614237346
0.4949842829775317
0.05042917572484082
0.5226870258499179
0.21243778711221872
0.20408885103198726
0.23284783202236883
0.1632684761881128
0.5351045727766617
0.32975805063373814
0.3198961943966076
0.25352638584082365
-0.021815237215229672
0.39709238642566475
0.34111129640333704
0.33161257392560806
0.2210841531959193
0.17606420492566563
0.18628506806541326
0.029880008041004748
0.07882131365651726
-0.008177713672284037
0.4628813755172649
0.48139233540136506
0.15473157932196036
0.29929755597862806
-0.01795476936626321
-0.2076658197846854
-0.2370030920140158
0.38724260859748605
0.16624854217120305
0.13698857033155504
0.2685501516033816
0.272736357686958
-0.028809364826345663
0.09161028749944537
-0.1687539957565311
0.07269056888754136
0.1022788479758508
-0.0741634637274325
0.26025554673104473
0.10849675777368367
0.20077954348404042
0.12423554851157516
-0.006902292732334218
-0.4753577820097381
-0.1456417275039748
-0.03134223608638277
-0.0014638262491449975
0.28804431289867044
-0.2178157615412094
-0.12241391908614223
0.4081545916827323
-0.44757393090656233
-0.16323232982456773
-0.19053414304695107
-0.07368755477631948
0.01841979538090873
0.04483857400287136
0.321471434713928
0.18372191502811
-0.3629663521857646
-0.34756989831310126
-0.10430519170912196
0.1263552943216103
-0.20360823936044353
0.15157642196855414
0.12620735823655369
0.06981761365839961
-0.16231227666353534
-0.2082815607814476
-0.2242119803905019
-0.20226436963943575
-0.13429685109391828
0.015067226547567163
0.1485819661624391
0.04070560048801278
-0.23016379914638874
-0.15774005451204243
0.04252943558309788
-0.052768669359236554
-0.1396710649390138
-0.027252722350984773
0.0742724262162738
-0.5572698194007549
0.0021214817255257295
-0.2580444418403143
0.03018819117397832
-0.21356823010149426
0.020017681891397108
-0.10715658569012024
-0.5599635306723315
0.5367837077875494
-0.36980351139630613
-0.2556322705897183
-0.20293621434575876
-0.10017031730640398
-0.3739686038466989
-0.005078988735419327
-0.01627241419598946
0.015146761421132188
-0.1416816335559347
-0.36882356541081246
0.02081352959582343
0.16511033006978496
0.05780732411244165
-0.20592131563087965
-0.17687447675609103
0.15102364203279217
0.011524489875851885
-0.1788447439207685
-0.2464405046994667
-0.04491474568385713
-0.09094984180409943
-0.17901525388894943
0.014504713598938977
0.06026912445802406
0.36928196718741324
-0.10304219393844664
-0.23394798225367988
0.046124336876905966
0.47050818214857204
0.36341010272986757
0.5836919635040795
0.4699378758674966
-0.1971234338018792
-0.18607111810278498
-0.28955402496278715
-0.18665640848271942
0.11026080553569148
0.28605839465301636
0.07022337425318541
-0.007524085012367477
0.3778317496793062
0.15695722421480657
-0.3385432039714545
0.12852351145106858
0.2721109855312257
0.14766542524355147
0.4295048062014812
0.09326683139890068
-0.12537133213335105
0.2555151037942933
0.33584002460138074
-0.07904365904322742
0.2172101836648631
0.022827414487100035
-0.20323170927938686
-0.12326617283956935
0.43307771922067423
0.13873406990239398
0.3365995211179781
-0.18634452521284775
0.16668438827624393
0.19399007244508007
0.09422774444507956
0.10128156176226213
0.5075438015502913
0.338954532747937
0.4642406023637615
-0.16583241990107475
-0.0582284937767605
-0.021368545941603194
0.04726008128204386
-0.16203964321988826
0.8376496453038953
0.1819995914052319
0.37454150695772076
-0.2590632020098313
-0.31377094833304536
-0.4716221358921998
-0.5560596741230005
0.29660310986148913
0.5543979940058282
0.7502767666253102
0.2281266474125569
-0.11739720140404279
-0.3260957838672926
-0.37340782638671205
-0.5289958673788175
-0.0826940024666926
0.520925571129573
0.7684831899132918
0.6618714312363068
-0.24803951440189975
-0.10852618878444148
-0.5490769627373335
-0.5001260059023516
-0.703034106121141
0.07133305417594517
0.5857184373963374
0.5375035361070389
0.011168690320104126
0.02102657131000307
-0.3085996115965226
-0.4007640660787364
-0.7114601695786292
0.5257300886812638
0.24797472834393075
0.3997510034714265
-0.0852510478090126
-0.021632727351112744
0.04986916338564844
-0.5771105299102944
-1.447230929035814
0.2896633142033557
0.147478091801563
0.14199744096151143
-0.3260157494705671
-0.12103601657253513
-0.017698969881925743
-0.20379296577210332
-1.4920768095158283
0.12569079837637936
-0.06395717433770687
-0.30439072000698325
-0.026981126018985536
-0.012677830299336706
-0.05660406717306772
-0.08590076694494739
-1.2409766540302933
-0.2566330595603065
-0.20642137673161706
-0.28837382922223725
-0.08969515544837502
-0.07438525635579234
0.017171792728906888
-0.13927002495485435
-1.085605579323438
-0.0320192141638487
-0.14380738618928998
-0.22296279275631842
0.18090130972373042
0.20441043650492569
0.037402134358698214
-0.03130142098292735
-1.026015958749331
-0.09371776497276
-0.4180112137914738
-0.39460847264073073
-0.05545129116555554
-0.10598903172712944
0.4599867799473097
-0.6087744440470391
-0.9655841145919115
-0.63539252701645
-0.21309387190309434
0.009014490513838508
-0.06582102958701162
0.1911293835423442
0.2801682821427086
-0.00018737815878017497
0.12563154455116335
-0.150915934023821
-0.15577360799299245
0.07166543668216269
0.2987546019798762
-0.021603059020691956
-0.020595781920268046
0.1346682205444227
0.28361822944044857
-0.2316309481924916
0.06483936960962877
0.04126887976644668
0.3992863368599719
0.466639611651896
0.10331031676462649
-0.03904660497437907
0.4420965268496463
0.4961761240443093
0.4106493188362487
0.3798568752115016
-0.008624814307264056
-0.03905356854901249
-0.1072731800577359
0.21294159047745786
0.06097040503063586
0.10882033764300766
0.3971981788919071
0.5941242584359218
0.24988458310273967
0.21737936881503497
-0.2090079480751816
-0.24290735622357001
0.06395405322194245
0.2797542061415096
0.6768087111393727
0.1911508793097251
-0.09210309605900409
-0.19406896643123758
-0.22045641542066322
-0.339966594520953
-0.5930430906189216
0.7202416833979494
0.3382374903050342
0.26750091863962905
-0.19798184641766048
-0.0194049106622616
-0.3747272718613547
-0.17765185271320208
-0.350751230642013
0.16376391703905513
-0.06326212875514875
0.09817508758124872
0.46022609650850477
-0.16448972724553107
0.29919872091351485
0.044564725483496395
-0.38248176307560133
-0.9340155104916251
-0.3238263186228195
0.050056423440525584
0.13323925260180539
0.40716961862514534
0.18155170512285163
0.40050928267982067
0.2719420760213736
-1.8329694004642665
-0.6871883201442013
-0.7504989851250967
-0.1650093792981013
-0.11657905116913311
-0.043182627468114736
0.15844198720884603
0.5648979349757243
-1.222589057899215
-1.2354727687614782
-1.138309923480942
-0.6097611287486299
-0.1763919284876819
0.6548594989116491
0.5055643714361503
0.5305965266665142
0.6184041401824084
-0.16414822961673992
-0.18909218984530915
-0.11274279835257392
0.22619090057110092
0.11718983104085585
0.10368842122216629
0.9264725162938194
0.24899352273402844
0.3602672288512501
0.3799940833431277
-0.2231303833814071
-0.07652582735653199
-0.07226479182084565
-0.07262111431589265
0.005552636024287362
0.2797010461307087
0.2517985311132727
0.07469893208798502
0.09189852889396662
-0.573995819945026
0.286265233448246
-0.7706235010124504
-0.3340701407789323
-0.20370760069937213
0.3348909137463834
0.33297050779172854
0.1398058803534252
0.2016761614541615
-0.19670025288272558
-0.18074558971718332
-0.23898364056854066
1.0014094103548166
0.23471732055641084
0.33685028475250695
0.43645970121833366
0.1298694343423274
-0.20177333208635015
0.021602440872615515
-0.09256571576537923
0.2930547754791448
-0.11473740649458046
-0.19086443867779931
-0.3912860877276874
-0.22438080779309744
0.36415480068469674
0.08138854115784393
0.8726940463927513
-0.1314166268043883
-0.08218585161838014
-0.1650503278323717
0.29536079128862497
0.4263695348906424
0.05675579061972806
0.20253710074173184
0.10555174794567546
-0.03416620732854281
-0.22971006985328432
0.36156237761358273
0.2768541097093923
0.3649238292932175
0.34879229721610466
0.2731433402669474
-0.18483861931223514
-0.561728942016014
0.004148560276807931
0.04590255817569761
0.17582420761164552
0.06695186132020232
0.057585980718000064
-0.06657916299661218
-0.32725227161331766
-0.2788812690843564
0.054957559749659504
0.30954213923264046
0.4323325892864546
-0.12972376497595284
0.19643952748966548
0.3786313341569915
-0.13156856694040756
-0.009497332107490902
-0.1711285240234223
0.15119273467673944
0.16953207389659147
0.3985778457101185
0.013854015187369943
0.05087852501032829
-0.16061333373419828
-0.33959026939731546
0.168871072133833
0.15417940851352022
0.17067713667617573
0.1196887646767948
0.28545748446851554
0.24348460876470812
0.15483503877565355
0.11812418345116484
-0.2697481306858309
0.19718055356287564
0.15120266333167334
0.03921665186230583
0.05908052741181206
0.019557635705006047
0.2955563008341476
-0.18041075968278072
0.15619644673505634
0.28552402271946936
0.008106527691404644
0.1472650329540172
0.18580554789720852
0.11339727858350251
0.22848633800711393
-0.3874575718208474
0.0487230632785271
0.44771456976317725
0.003416418745743982
0.1187231122845248
0.13845130204521772
-0.09010891486628288
-0.29995590720189097
-0.6334076829670943
-0.41380595685699256
-0.25087749473818716
-0.04261591869178452
0.08981005832090377
-0.08025016898570364
-0.09016233135277461
-0.22272786533467906
-0.8804109471559551
-0.1373911661815815
-0.26438457494641077
0.1826916791234338
0.19888191647016062
-0.2576143956820316
-0.042129343374729115
0.03527257037522995
-0.5769153488490126
-0.3578468746263525
-0.06211924449180558
-0.08367848565451075
-0.09436296220517397
0.10210062421517258
-0.16242923079696178
0.2135865330242793
-0.8646079971131755
-0.6202303079038992
-0.027244512841480068
0.18283609471069343
0.24895268904859094
0.11317938602905617
-0.1114775971322938
0.32780039679049766
-0.565340985929727
-0.266465624232043
-0.3407585231835914
-0.14401071250073308
-0.017830851501932227
0.08852605540133203
0.11544307240010925
0.14365833916657975
-0.12560392825907007
-0.9951371131457802
-0.6017146590252845
0.17012421686983648
-0.2206730098751153
0.21084635063677243
0.4468226561144582
0.5260725283490195
-0.006723839208997623
-0.20381522099349617
-0.47125151486363814
-0.7511217427009157
-1.032451720453282
-0.3504608918862955
0.43925146856614916
0.13651494986127632
-0.6294524761515007
-0.35288542784331756
-0.778020679613734
-0.5692682158675157
-0.7704512896794884
-0.29227555930783045
0.009775126555335665
-0.19048970795018239
-0.3807432542984044
0.13328216633977436
-0.8203757094718659
-0.9640238415998647
-0.7016052977524506
-0.18291908330776765
-0.11486350403615957
0.7627604082323133
-0.18649841913326673
-0.45176564791602086
-1.0669423958577546
-0.21571557004435057
-0.1647056215563095
-0.19742290818957237
-0.21086579166838604
0.12851026400865923
0.3555675764617151
-0.36122371444566104
-1.1877557151710325
-0.2658140882383672
-0.29369873032096516
-0.18791052561010577
-0.27499096382415433
0.4523810686940798
0.4769059667866444
-0.5170133954990822
-1.1022109666135143
0.06414529558274668
-0.31924011472830266
0.026941339655728487
0.4550862307895592
1.1151991704062032
0.9769900735850459
-0.08363904358196698
-1.613614744408461
-0.12097040767992044
0.2215584415395245
0.13508697027553102
0.1723533737626538
0.34229745346048573
0.6017971849617967
0.28720542387871945
-1.0554368097429294
-0.38429953578924514
-0.1822469505140692
0.24930403822937716
0.014435247982993591
-0.11451224441021672
1.188759060900325
0.490488875186445
-0.9772024848394175
0.16276569294300608
-0.03937994343722844
0.37769031601969416
0.19788991532139422
-0.008955167914634025
1.0284305771222475
0.13758165701226577
-0.188537609140975
-0.21748726076467723
0.047750700120022374
0.5576872821724512
0.4939932097476747
0.14879307168939773
0.09125939009934804
0.2589029616792298
0.2714243929736211
0.26780925563455577
-0.04555788482851966
0.0855426084085199
0.16612605245494452
0.10493644129896983
0.08090152630973098
-0.22578391488795563
0.11412711721190141
-0.040924932813048744
0.22249740246894667
0.15516752003702242
-0.046556092202022836
0.1725581204420304
-0.10796179451280612
0.07668129219595338
0.13439756154948293
-0.003613108883980371
0.05014490768838259
0.2525632815954236
-0.04344524487782941
0.30380175453966823
-0.15185265564733588
-0.060144674934595126
0.22382581915330432
0.2024231409407429
0.07394625711300713
-0.07426852591223297
0.42946277956523293
0.0026394211836737024
-0.6930496869070446
0.07370848495979393
0.06903635870586988
-0.24401852962561568
0.4329075795895063
0.1748935582455777
0.10026196600846674
0.1797826990335971
-0.10254705034096918
-0.03551040329906481
0.14101779649380455
0.43080640655958036
-0.026914080227797156
0.23119124038847758
-0.24484283289977216
0.44220757946905564
-0.34773038556013225
-0.14606449613700948
-0.7900269387034282
-0.5024992375699768
-0.7900169178824815
-0.024316122577288705
0.46732735589890845
0.5868155004351956
0.2463113125095801
-0.09880437401863174
-0.812410407713602
-0.3295580655485502
-1.1862375506706742
0.037660509236844796
-0.03849330566662973
0.6677165619829102
-0.07702673758825122
0.15237997534592104
-0.14230749192328954
-0.9386375535166682
-0.4651903634082906
-0.32565272061927797
0.5710030356664888
1.263038548819797
-0.070081624469258
-0.07065917741256435
-0.5810414645753669
-0.5465525593152228
-0.26490580436472516
0.271454462103852
0.0324216605536078
0.5625579347927927
0.35579691788457457
0.24443482685364518
-0.6651223474841069
-0.15599352832349456
-0.24591137057029522
-0.17210793855148537
0.2926710761854887
0.7685161906741184
0.8747330476003077
-0.14799299484948192
-0.5076726122912152
0.05686762064555258
-0.38883311333281184
0.15198451055295134
0.45095368280046827
0.647278347832292
0.9247232941103468
0.29028636353552084
-0.46434078058926787
-0.4371823699606911
-0.37620162667415624
-0.561533102075443
0.40736144391007095
0.2472391514313973
0.2053913831552752
-0.1403763578758785
-0.009524496630484065
-0.18908883472961333
-0.10542970614776583
-0.18914550199844285
-0.4046900985493461
-0.11964149803239028
0.017538135566327932
-0.3920142784129455
0.027054388292485673
-0.43320900001752305
-0.14097950740352627
0.056530741413438876
-0.3916646618280654
-0.29057364551466386
-0.09247020922735937
-0.004397647924459276
-0.03210184761314205
-0.17362249530549498
0.1773441975503965
0.1629246703626432
-0.12475657900681887
-0.66750192016454
-0.2871049157312888
0.016504679864087827
0.23788973343157904
0.128470083533254
0.17345756654281677
0.2622066560539973
-0.13650359491355893
-0.2734934177525693
-0.5148867219304095
-0.04592365411577581
0.1936939626262938
0.1729793837657031
0.3486566386960244
0.2564175460513771
-0.25994799758515486
-0.27353794492054595
-0.4295036396965696
-0.3237488272754671
0.2873994944558608
-0.1452646503965781
0.07813870229865034
-0.08528367963507286
0.22222953431749906
-0.33659081221534526
-0.03676128285809561
-0.2068447960498437
0.27991654450627496
-0.1800066368379759
-0.01700020364490664
0.2128723663324314
0.24078659193956395
-0.20079556336040083
-0.418746519315213
-0.3699254551858888
-0.07784626653636537
-0.13629220414781676
0.2549272038535966
0.1367148210267147
0.18542700313303204
0.3430201335510362
-0.8192193849512108
-0.28824910477200655
-0.2963275099693328
-0.056553373290436096
0.20554705521369884
-0.23078173130417437
0.2516973421237506
0.19327402065574412
-0.0753141213246199
-0.06358336256830019
0.0007099970701258066
-0.007618775070245945
-0.1819148746627024
-0.11570687138141894
-0.04194215724254983
-0.20037150864335598
-0.06710151119134675
0.009360003711516317
0.13477909321646991
-0.08695614119961381
-0.2547188378036185
-0.40666466130308465
-0.1837858451246812
-0.31518185638051865
-0.29752313164322663
-0.17951472529705992
0.10636808682732078
-0.08645627348488384
-0.7400450654672304
-0.19994216919700133
-0.296553516953692
-0.2453207049888135
-0.4960159450248043
-0.4971869293198201
-0.0807832124410122
-0.17329683313810398
0.1252083817988615
-0.38340570472374946
-0.3563036447678308
-0.11673408909491512
-0.38590945500780116
-0.7758077005556591
-0.27451538453688445
-0.24552803271669535
-0.4782774950949521
-0.5261402771441757
-0.030566031955945337
0.28049163211847106
-0.04115096573837584
-0.5639015438917003
-0.8890849562009919
-0.25850605726624887
-0.5610085590045758
-0.7124040098441214
0.158181900334557
0.7918087438518815
0.251971402776753
-0.7059171311919633
-0.49408076388141886
-0.07199753215106626
-0.16982531900717668
-0.5046885133846122
-0.1300045457532859
1.2390833811734725
0.8253266789118889
-0.1789008053079488
-0.0019052216747948185
0.5433006588927802
0.16787575359068835
-0.6803656772460428
-0.13435800065280923
0.5699928408915845
0.5518397727505624
0.28056070680096046
0.38136124257202547
0.4808749412589768
0.33251446006729174
0.26100271628987665
-0.4734939214820096
0.027244065396521227
0.688636750566229
0.12048953743166817
0.6061681413350722
0.6217380578802922
0.19301620437090994
0.22052140215098434
0.24537451356042686
-0.5246537724192865
-0.11725900952638278
0.2623745664550493
0.39514118714380925
0.4370415191669353
0.08908430472916279
0.10584297904363682
0.031080598963742677
-0.09750420829043288
-0.05061996722935633
0.1342623053910515
0.0652620329174959
-0.14172210579029623
-0.32040797139670346
0.13620384558911222
0.45304262336331586
-0.10011187687010056
-0.17844091571979465
-0.10423582410219778
0.20155680686423966
-0.18836698969615334
-0.11230422017789946
0.17371145005476757
0.2607719978555116
0.537271168699835
-0.034782122804334216
0.10257648276467894
-0.03607029570442943
-0.3074951568810815
-0.049973725815999244
-0.2846613250570966
0.1457330724267606
-0.09399616637025905
0.16353537319678027
-0.11454613462351432
-0.3335653276579665
0.1139362921430327
-0.012347756356688517
-0.3394689473860555
0.19034435312928413
0.09208044183827105
-0.036473341555161895
-0.10496604196507461
0.05732808630772265
-0.3072752233090336
-0.4787353198567463
-0.2336814165475579
-0.3032018834046285
-0.06128599284338896
-0.12766050783412106
-0.10205228492686387
-0.3865612157936666
-0.31169232663147217
-0.06684860580810605
-0.014782494163850204
-0.05763466091389481
0.050418144342777194
0.28272812772709505
-0.3970552405228483
-0.20560876199739045
-0.17699503279625714
0.07338298124426021
-0.15977857442165913
0.018951058126461227
-0.26282007775709243
0.30872648094905014
-0.22838800061389306
-0.13890334619279582
-0.15823288812424194
0.0716249736846005
0.3328498884833799
-0.05159471721309895
0.3650125568158723
0.3138813550696005
0.15419614821069524
0.056327706765221267
-0.09569409009808194
-0.4555638217227485
0.3163896172776984
0.19061805192453268
-0.3138459331310622
0.17420585421539703
0.23637573307749632
-0.07406474931542827
-0.022711624566830665
0.05475282752902011
0.016037742735054393
0.46931309988409275
-0.15068414060933888
0.11111887636563934
0.3783852793572156
0.180628651791288
0.031613597528477234
0.38077782287415374
-0.054503062191892285
-0.22906879693859913
-0.39890440465739124
-0.1689600545671033
0.22946074973452257
0.3423115397297874
0.2718886623671915
0.26143181048009356
0.24456420083768776
-0.08182202807539114
-0.6739154145753934
-0.7190498993152847
-0.11047253148736663
0.7353837121500916
0.11652283539647848
0.22368929472196403
0.08824857601240019
-0.22658625185436185
-0.18806674015911232
-1.107771394996915
-0.19767160617957572
0.1848908551077498
0.6063743279471558
0.2070569037326621
0.13275243843365542
-0.14919321899613783
-0.016594236245525276
-0.3201655481071208
-0.07858098930760629
0.2721508578046982
0.19026650777207016
0.2966818342855256
0.16487761822540992
0.3329909449863725
0.18089114108108192
0.3272224402950414
0.1130802896250093
-0.1181356307852079
-0.12393069298853152
-0.1586675948881787
0.126668149947144
0.17903871309586306
0.41170918166660225
0.12607509444804563
0.1414112449174604
-0.14238926229418797
-0.4134178076337945
-0.45427776875130554
0.07640345716448689
0.25361034390792897
0.2351828504559611
0.4643344568331035
0.09563109552425116
-0.11741856945193874
-0.31738316679837936
-0.08942452177134545
-0.2276204271088983
0.11959094869500575
0.16145863916389716
0.17129966645466876
-0.15129086373138187
-0.2913603169787128
0.2182724976106691
-0.11616151268438361
-0.09703548810873852
-0.1715394650342632
-0.13881763519214266
-0.27089834617654573
-0.1682828250047244
-0.2361758816504462
0.06622728075731205
0.008191933766974685
-0.032591786365106845
-0.4142618815133592
0.360068542283048
0.07093058368405385
-0.1342676291885995
-0.016698458915003767
-0.06901368581356032
0.09390873875429519
-0.33243047672335974
-0.44788611421578234
-0.7135301602969775
0.5259993202087055
0.10281256357542243
-0.16109034934704264
-0.2995781100055373
-0.566359448917669
-0.1264357645724663
0.49909095495913736
0.13623331384480603
0.555287906176397
0.5003122574619538
0.36434481220910536
-0.12900535535847907
-0.000517032338298115
0.07524751284617341
0.36604152913016946
0.6011761873285068
0.3034167801988339
0.2841471289081317
0.2299330670033746
-0.13262609253604707
0.03618605595923256
0.5207003817302154
0.3580526745902094
0.6267319677264568
0.6822169404632131
0.03899067850644682
0.17644803353696578
0.5734176396936999
0.3671632988628375
0.20504727155801206
-0.06516932968722469
0.2947670329060173
0.34990769175970665
0.34098091621839355
0.23288574314372326
0.4023414373865763
0.3652041321737043
0.4243048969127632
0.3572080915841603
0.10531095515910346
0.32044661739455527
0.19779283468436668
0.523699390616369
-0.028536400563493967
0.3259551973883115
0.5105987358613583
0.24578869695099395
-0.29976000486627646
0.010573113165178193
-0.040158117005658286
-0.0820704357233164
0.02187147812945804
0.4814762847903193
0.43652272027533184
0.6216408155660081
0.2663119809884831
-0.9390466714705442
-0.24458250728906047
-0.16758142600033962
0.2985027695857352
0.2454306722434125
0.1570708289300731
0.27842111622972826
0.3693155246983968
-1.5891291375858916
-0.7341303170770126
-0.2906932821323603
-0.42870307266951935
-0.13590241299129044
0.5558890279572768
-0.012834782495287337
0.24168540380621734
-0.6812095679177061
-1.0790629348321645
0.13898311438965888
-0.07782353179095486
0.03003759208059025
-0.2513299873998088
0.047194422446185665
0.3027920170153921
0.09439590706218716
0.03650509100906557
-0.05173709943542353
-0.37583319303589163
-0.19649030982454874
-0.017709915941050258
0.1739100005989014
0.10121762901584731
-0.10362154519791511
-0.35196458105493955
0.2890084788978973
-0.4420189174156183
0.07439111735903332
-0.41848599091446254
-0.04614734566343212
-0.10934673894352917
0.22677502399119695
0.1632404945989677
-0.30049770112827173
0.06481912113218315
-0.17860105758824524
-0.18529615714077288
-0.14250029153684168
-0.27331077184940855
0.2532076077094905
-0.156803813281476
0.28322377691473316
0.020100681408032298
-0.05966159245178271
0.04711281533228793
-0.2635927954248833
-0.4448250319822943
0.16195799931562194
0.03812973605052611
-0.3490452166454825
-0.06155123886710746
0.30905968737239825
-0.13742921838903424
0.2252328145573038
0.034671064838345866
0.2515278320575818
0.042404036824480344
0.2165905872022096
0.46905955551320305
0.04889978966859472
-0.12706627948709742
0.24568549772108322
-0.17572464801728244
-0.19569032659280913
0.022005965108340457
-0.520262737372739
-0.3095364104958357
-0.11942881206933097
-0.8104041266209081
-1.1146861116555404
-0.6945174641859152
0.5927062832768603
-0.046970913532577256
0.025817266165669386
-0.2560938095861458
-0.14237740973501822
0.3883604125675599
-0.05733157183446868
-0.30474585445740066
-0.3593790570336503
0.13907589085777028
0.1052501174897933
-0.06949208197115993
0.3368594307643346
0.22786160266412886
-0.06730631872631336
-0.33125616512862655
0.10789711863428428
0.10193591176950131
-0.22148238596448722
-0.011372980731414368
0.18433468429857197
-0.23435160121999396
0.10168356048046746
-0.21763014416017218
0.2629024537981122
0.17362030565977193
0.33839082650794217
0.002037261581874502
-0.050221907874557575
0.10938497861938452
-0.16875969346705086
-0.24761048443381709
-0.08479743459049331
0.04079786560407821
-0.10481808848230341
0.10936046054226718
-0.08207890114942487
0.2507877427302333
0.10946083495011773
-0.1403008370360645
-0.3044189231887178
-0.21588939129106346
-0.34541956508228955
0.3299069358644207
0.47030634671274196
0.6479788294765282
0.034828990450060306
-0.2657024518871729
-0.340460640403335
-0.29825850590905606
0.28616953818178753
0.31744159833996505
0.2661702577120436
0.36617484168524395
0.12470903159551945
-0.1631399356137102
-0.7181192092912355
-0.041373289790348086
0.34083885653417234
0.1548438003526888
0.24253008532536297
0.04844365666717984
-0.34335379992439446
0.1038479356051518
-0.8780970240582101
-0.18601252776959912
0.15932048624459846
-0.02164930807502357
0.1252084937087382
-0.3513931218677404
0.1519337484228203
0.36169170529087724
-0.20734077813564653
0.3778589544268413
0.10032118108023508
0.4985261154093827
-0.04092227903044999
-0.053590667623081026
0.03980113002805458
0.22261179005308376
-0.16021731615483614
0.10331281213999607
0.14764194636390082
0.008556948318023956
0.12467481184968413
-0.2580154646202157
0.4323917093940031
0.12340583288435478
0.15000746474680954
0.02908735757575489
-0.025691296335563354
-0.2853918022448859
-0.004442297756680209
0.3668750712461561
-0.07847879359572374
0.4713951284798661
-0.26376831253892447
0.026656933502683076
0.08740248145329291
0.08342481805595536
-0.13075810322175896
0.033474012672237576
0.4002245011114571
-0.1162497723175198
0.1331476082801606
0.09549157303347366
-0.027879806273437988
-0.38615146197114325
-0.04548042654475091
0.06413457743735977
-0.038816625941199764
0.061390448007788985
-0.07846186842917525
-0.05043800879177029
-0.2568284461467795
0.017044106174007742
-0.09128914263847575
0.11268973941901494
-0.4215924721001122
0.07657336000760288
-3.376243655357615
-2.2032575630151237
1.379550701836409
-2.1221131783296627
-1.5478605264840715
-1.965179992343131
-2.636229608273388
0.7176126216371108
2.341060181832796
-0.445977613813318
0.4932132302857946
1.741082151435996
0.49484943793836733
-0.8038340951381584
-0.6770912922317012
0.18258268724732524
-0.8717530592491685
1.8478041190747434
-1.9786047605423192
0.7414868061582894
-0.4708781748896308
-1.2987773979966566
0.6673617444716223
-1.1030051469356337
-2.1200328148289564
0.5018853833141032
3.089439147983698
1.9575656174410716
-0.6005398118901059
-0.7872575224719028
-1.646628251357802
-0.519384029446221
-0.8841030599026858
-0.6674785968556545
0.03034463939500743
0.0241510497837105
-0.7654375378479321
-0.10413795495613265
1.936880269877282
-1.4333863331023047
1.3664089556753996
-0.6038366465362538
-0.06982904829091247
2.3694638852628476
-0.6700605147515647
-0.45983698788638483
-0.8664304432035976
-0.17671120893082776
-0.2679172840931669
-0.2581144637638051
-0.6371250469716235
-0.4641023652191445
2.0814369693860786
-0.8317043345616345
1.4857033890192723
-0.8772976565189048
1.296798417452176
-0.5670948433925914
-1.4140309203800099
-0.6619897100253767
4.16640844933494
-0.07564184642939484
-0.7066025734620575
3.0504162089335605
-1.105478250599277
1.9416433431819164
-1.5324612722492683
-1.101393893803361
-0.2271003605424829
-0.9836926117902118
-0.7643072435730681
-0.6491609662671769
-1.2337354632120678
-0.1912346640283924
-0.4972976104051625
-0.3582870910007307
-0.8040370654549791
-0.5226053148589674
1.482717458858848
-0.5144837741512632
-0.6779169644537953
1.4094014512533983
2.0332865051670908
-0.6198750960539257
-1.03029522340382
-0.4736287012387976
3.2407914234003203
0.04018092020890437
-0.48664428721692504
-0.2946901200900456
-0.7485831524534559
2.4544493688837106
-1.1218236770840004
-0.6193939236791448
-0.08023317481538876
-0.5842749075795405
-0.6878823228585609
-0.5574476915662423
-0.7482243773098094
-0.10329597258177384
-0.19697139941405126
-0.32306755691414585
-0.9879273065404671
-0.617983586991921
-2.9468466132958966
-2.238913719581408
0.12079802581178989
-0.3542551302932032
-1.7227662120528933
0.5392438342331751
-1.1000430529279488
-0.008087042467651961
1.1113419782879121
1.5387950827694796
0.9127927592236564
2.8776166279998407
-0.027722578076155625
0.24427524214317486
-3.1452639294228693
-0.3100761625811645
-0.8067354846674998
-0.09363126756359554
-0.5094140158616914
1.5142303424816361
-0.8752454194562971
2.55086795482542
-1.721034027648123
-1.2722965727693991
-2.315449766943676
0.18416448823552423
1.6951468793702136
-0.5794144742394176
-0.23636705771570404
-0.4683092868518423
-1.5425474625413604
2.6830965666689863
-1.0368193735685984
-0.554350194150582
4.1035399333648614
0.34299935375475593
-0.37254855175012463
-0.12421273967049591
1.757513276431182
-1.5291026760498783
-1.1818235383843088
-0.6278282364221021
0.03166301181876163
-0.4437873269050128
1.720213256947697
2.2849454418786497
2.0072271165548234
-0.07991139616801883
-0.11568991424021985
-0.10088700615671314
-0.7732844652658487
-0.4597375952225893
-1.4202403458200898
-0.4730690950737454
-0.7771773536979961
1.4107728466421536
-1.7600199384419697
-0.4458655769950715
1.2263285625137124
-0.6602930119485269
2.7669932620354576
-0.030350750116102575
-0.44583224490133566
-0.4337687304659792
-0.6871023373374173
3.9659505961536805
1.4402024205268458
-0.7046912318273538
-0.1407359375007494
-0.6958226194416415
-1.0611109704851347
-0.6137237078450652
1.9008084256623439
-0.1610895374945231
-0.20539089060997717
-0.2661808324977042
-0.9740685852175396
-0.704805440894763
-1.6661111658200116
-0.7857195807497149
1.943808130442147
-0.7521142657895374
-1.61638773974281
-0.6528502336162488
0.97524912168158
-0.5786879230330885
-0.1857798274152653
0.1911913597937961
-0.6417348913519079
-0.3308000336749541
-0.8027479918414135
-1.5598736614160005
-1.2183264590385716
2.4781230374463212
-0.02465047838050728
-0.9018866583769665
1.9460337359604674
1.9417535119634584
-0.653521838803906
-0.2751407272109779
-0.21982658035702834
-0.27493322817383553
-1.052064942654142
-0.6849580959037901
-1.3581854171511298
1.6862160691659578
1.947153201386873
2.2529018042294275
-1.496285440748857
3.1049772549377965
1.066407386602207
2.1573189129887145
3.169753175216673
0.16934901532487784
2.920673359330114
4.8602168430410275
0.9372002217576327
2.7604160110039886
1.2469493040879356
-0.8566705981696989
-0.24419929577217636
3.639894543223835
-0.8204202154786899
4.083925899878055
2.0548794227659033
3.168020011678071
-0.6485538965502882
2.941977141778297
-1.3366726346950708
2.91299248039221
-0.16677840040349076
-0.14960798284236945
-0.07720133361507477
-0.27399078972132707
1.4725917650454217
0.17397251944073333
-0.44288139395375925
0.14816034469302386
0.18546271794218888
0.3122445949417455
0.11836133357977188
0.1548822599362993
-0.145784569636549
-0.18040832006984117
2.3584211076216066
-0.23636133225419936
0.2670005008071744
0.0015608518275200085
-0.04052351401788858
-0.0027378731892886334
-0.009658433562102267
0.249676938112177
0.1630934545145968
0.13683928726005407
-0.14886159903363796
0.13573029237937298
1.1112022594708872
-0.8359593411471453
2.1140272391154253
-0.8610192995027086
0.4403488973461649
-0.5039690253556851
-1.2150345587196263
-0.5321017765885712
-0.1927189131309925
0.10117259680617223
-0.7881327161370847
-0.30665458731462736
-0.9614302468569911
-1.5281017166716189
1.0843559381792982
-0.9267093076725559
-0.07511132960854704
1.9063307724272103
-0.9451397607772591
-0.7517127083699259
-0.8521633906212267
-0.35545073714628456
-0.3709172377135697
-0.4511833043294215
-0.9702738867914703
-0.6570979832597076
3.5023797763630498
3.1769819016616943
2.473435389195887
-0.681849027225151
0.4932368186532195
-0.3916303330771337
0.8114894930164552
-0.388941812052723
4.171280866811863
0.04496358110008431
-0.4976627245314192
3.938687776143182
-0.5428561534505586
-0.9011128799214418
1.6078646445073301
1.6006232859257161
0.030719693034778693
-0.5514939973677155
1.9291132221459744
-0.468494968585027
3.062415539173961
0.052957422666448956
2.536246198505895
-0.20446577614000794
1.9343109414642508
2.345318717761696
-1.5524190770549873
-0.7130895447284264
-1.1201169323090685
-1.0045684973175584
0.20753245315456464
-0.5553538433868959
-1.6059705153645782
-0.8656454956694014
-0.48189143737395185
-0.010278033561947834
-0.9226506838007819
-0.6319972593548029
0.6865153094788433
-1.4742428117332578
1.5617834399473058
-1.2023128490522328
-0.3763335158083586
1.7526895979969808
-1.0467947600496272
-0.9129645711659262
0.7808020181657217
-0.3677657378571246
-0.8417258211697931
-0.7614029086857385
0.7240172342563039
-0.7246193049498477
1.0804735767656841
-1.8055354707960014
-1.8916359880039457
-1.962114886279114
0.29701994073019883
-1.5827575518982415
-2.3141598714179743
-1.892090061987159
3.9166834311664807
-0.54859281392367
0.3088433910487208
1.3693737411562683
-1.9656076178560538
-0.10742749870488025
1.3225114144184278
-2.1664290879121757
-0.8058753324530643
0.38704553660915486
-1.8502783380257397
-1.7711471738210705
1.232126316314875
-1.1405137870439346
-1.377047457618999
-1.1730777400158527
-1.9637056554875638
-1.6827362605937102
-2.535381279625575
0.5808499542112271
1.4772459205863726
0.35796735380959077
-1.1541752961373193
1.486271043500483
-0.41092188119439826
0.5726063819245542
2.485035526071637
-0.48640210601478556
-1.4759378920739925
2.288977816710449
-1.8739069801732613
0.5412379233834274
-0.5096901260997194
0.3398890914935305
-0.7750683662433434
1.8993862552643566
-1.6509563544296195
-1.3874921501602189
-2.055048567229774
-0.9188331802369817
1.189073351818323
-0.9606253468024458
-1.8771851510361552
-1.3074739755740221
0.8482139714196748
-0.7294810870454127
-0.8719110040970357
-1.1949921921774769
-1.9100021651326426
-0.8752439086345766
-1.4569551593725398
-0.7539643791416908
-0.4916794864799115
-0.09243039776674335
-0.8347488696349188
-0.4954332116660244
2.6332407283240498
-1.8039564175388338
0.48165659255355214
0.7705557022496412
-0.3670930340362553
-1.053900010864327
-1.1662146052054916
-0.8098182171628718
-1.175892997634436
-0.32776709746508526
-0.4512421650557349
2.1910207360741327
-1.4087696662991127
-0.8251558023310295
-0.7783973993512634
-0.3099896025849621
-0.45140699733166517
-0.5870244008811426
0.48971922760891634
-0.2647122733185702
-0.9196545829098748
-0.22260756156984873
0.0970844446808595
0.24420770800588684
-0.2513238106147594
-0.10913298106116337
-0.4822793150658122
1.9064318897101213
-0.6307253497518714
-0.45310985241581725
0.16851581738000687
-0.42737281813844535
2.0779206529440652
-0.4941454543311756
-0.3011922802199247
0.1904981936487671
0.04334362447446994
0.024729858369287778
-0.7637065063878021
-0.319756295981979
1.8276861205256067
1.4612135114905174
-1.0049024958708084
-1.1970740238904958
1.4534131040643783
-0.9822188188009521
0.5040698066673928
-0.7132984460482859
-0.4149927705709243
-0.07649860831791178
-0.8663082934650275
-0.5095540179266276
-1.220985667831094
-1.5624141955148207
2.0200604143460645
1.880596105040984
-0.34500998207851186
1.339072080658181
-1.1901186667497916
1.4878794340969934
1.4493607817965515
-0.3280864666542367
-0.5252769284275906
-0.48983985501137406
-1.165781753377936
-0.8479039302582861
-1.2264116013520845
-0.4278071962165798
-0.4450608225700045
-0.47719014218532213
1.9717336582455522
-0.31917693351499565
-0.8146038104645361
-0.43418031952822583
4.4879001392852915
0.12029094539056426
-0.5651312116187284
-0.2463463655406569
-0.537075897674463
3.004002347779341
-0.9398962526793578
-0.465912807333045
0.016511092797275834
-0.5358207635548871
2.179908160113671
-0.4303197450496038
2.9656122760807895
-0.08712514774059371
-0.20655150107731995
-0.16183043398975705
-0.5809322649544332
-0.3924237923983322
3.4801563830003146
-0.5815471142913925
3.22186212578801
-0.5157446240502026
1.6470592239198323
-0.44384094097266
-0.9638279524379632
2.457166119461623
3.7584168556418196
0.1500639650415481
-0.45275849350541003
-0.2219833249528045
-0.537876908363719
3.411436687752536
-0.9535923114949362
-0.6554890892577201
0.09851294594364587
2.216803171652238
2.645731764182956
1.922878093564064
-0.43148228186133675
-0.08678726740603679
-0.17701003489275097
-0.1392295235168005
-0.8419230623822936
-0.5689721968622123
-2.0909848455999005
0.8040661731783483
-1.6751071464224343
0.1376792129269926
-2.5404439970363497
1.1441313240234683
-2.618354347959118
-1.0023710382531323
-0.7270645893243661
2.323536422285137
-1.119381525594614
-0.8282755985451928
-1.7166873929292357
0.44410922417807375
0.9634117406831575
-1.4209058419701106
3.202389464257712
-1.388198278821896
-1.6306545899514984
-1.2900103345312794
-1.9032771350479085
1.7123458215664122
-0.8967604784566439
-0.9640413109411956
-1.4781806577450491
-0.9204966583107065
-1.1357891011020973
-0.3679679567789552
-0.3874787772876409
-0.5272821855111244
0.9985796709618558
-0.17424519056741455
-0.7610478463937466
-0.2423970431052033
3.3183205161478115
0.19241911657572006
-0.2686568186315207
-0.011814974459611539
-0.5286496712334284
1.686439768021131
1.7010496935515786
-0.4663416689798171
0.17626518248351636
-0.20815510039955756
-0.5228828905286805
-0.4055607134208504
1.5739499836775037
4.029282301198444
0.12210874037819018
-0.04277193435437492
-0.41689909205679804
-0.14237600662440694
-1.209916622003493
-0.4436100264844155
-0.5454961253182355
-0.4916347596099354
-1.5374293344254242
-0.25147251278453275
-0.9756248977218706
-0.2926014526136361
0.04708743895939141
0.2319390745224819
-0.39142841306021364
-0.025778490437055313
-0.8820723293891359
1.4978441884952887
1.9783400751496107
-0.5449334228892777
0.10986918661098838
-0.5513533140539159
-0.6059189235099851
-0.4294852836204903
-0.7753454557814838
0.13308620957346906
0.0003427656873223259
-0.06922353538536656
-0.5107084480333944
-0.2214929755684277
2.4074072424157347
-0.23985315670562016
-0.4393278497944989
-0.46717291979249675
2.001838347599966
-0.03556108993144489
-0.738490729310562
-0.06699277090408812
0.08359648835920959
0.32008156373738295
-0.16656129615360787
0.04622637146048739
-0.33159860216141607
-0.29868769686438773
-0.4287126790329876
-0.4262049473879536
0.3413899669211696
-0.15087871116023072
-0.42817689323340075
-0.1459823880833907
-0.17015798540854768
0.24596593244901982
0.15731888313243425
0.08202488208930227
-0.5293040117115513
-0.1646468103064805
-1.1769009611368628
-0.4158037181567909
-0.5320839430621473
-0.7814834077854461
-1.5749391272449702
-0.575726017261582
-0.9128645173939889
2.5179309088684563
-0.2317156935658862
0.1973035217730744
-0.4510818755675673
5.537104501726678
-0.5865004901667178
-1.7217983536006858
-0.945203666774985
-0.5055258842844116
-0.013436117651432987
-0.3721016001809965
-0.9302898484628442
2.627977792583385
-0.5042866312026966
-0.2805857244563476
-0.15129538055437386
-0.17445514886067098
-1.0255101004216745
-0.6682749907368102
-1.34504198643292
-0.4965041516518381
-0.290376404632604
-0.47053874144958513
-1.2574327452095302
-0.36770629210746136
-0.5734966718132151
-0.42411760387263964
5.32686024115401
0.2963669215328817
-0.4248380092381497
-0.09046476149800986
-0.5210239144614981
-1.2704172946012362
-0.8441039280510957
-0.38580584057759537
0.019667791371631188
-0.26452800597820136
-0.51687424040664
-0.40228015387126603
2.9417819976784982
-0.07840144274367371
-0.1442329791694982
-0.008879996492324781
-0.49361935676589
4.096894919719598
