-0.40337968838142274
-0.4389953991895591
0.12144199781423015
-0.09935661425801583
0.0837444669231029
0.006550777385701173
-0.018375043171984733
-0.08340762662563882
-0.3698353915203469
0.21238229448445592
0.3461367063915349
0.1781363731413906
0.12043611833935984
0.18809904445684764
0.3489688044589639
-0.09929154584918663
-0.610072393939607
-0.021040935300161517
-0.1716946755014858
0.02956464145198819
0.11499899525752026
0.13895587009193738
0.02045378806867068
-0.03161323012327748
-0.4222758631327573
0.12394435264951588
0.07656750612765742
0.2215672336729747
0.1510953902973681
-0.022328487869974184
-0.06263296503997338
-0.11921338696839587
-0.704284935976364
0.18542911680127053
0.11774512222295291
0.06776057409904611
0.3493220308483834
-0.15121338898158948
0.12011189785489555
-0.1125767402570196
-0.5516941586785689
0.019873019632074863
0.20709666421847867
0.2443375524721113
0.01780592359297624
0.17102267804252214
-0.019599601613768326
-0.08250312174439273
-0.3136595039340848
-0.095967132752422
0.06153171000361952
0.24016213773667855
0.09741792960885098
-0.026698266097699944
0.15672731224490724
0.07730693185061731
0.4436344493731804
-0.34789934833295355
-0.1080564511842697
0.011295916159503205
0.19491768698097972
0.5291220690050707
0.3490923449213602
0.23403578719655435
1.0149794672308374
-0.11418005021485002
-0.11589942714165563
0.32940258225478275
0.4359707182071023
0.37601558787650985
0.6221765954517522
-0.03640607076126262
0.9464836860839316
0.17763971494948888
0.16956481114510946
0.004132861606683696
0.34477785077433204
0.6888413259027556
0.43769618443393826
0.1681701508465149
0.24620702329221814
0.1771692440011115
0.00010613606813208347
-0.027862399105873598
0.08286720222170817
0.06207211488515747
0.25071446920003443
0.49157817941316234
0.123619812750644
-0.05987574119808868
0.00024632759676274053
-0.06989609438381852
-0.21604146928585824
-0.02246270303175502
-0.014891071382777456
0.7222181829223894
0.02575223185282117
-0.31252790698574834
0.045858915375398636
-0.15531020957200364
-0.22043576881978275
-0.1390956421157946
0.22934519458465188
0.5386575597324016
0.4792010473480909
-0.08822885234676123
-0.14772028172396484
-0.07699339752128058
-0.23822209444050413
-0.14216550991003427
-0.03683707679247541
0.44040069705569085
0.19017308760583224
-0.25567863731529644
-0.3218447652778058
0.03249782553725973
-0.36090916346374907
0.03665874254000165
-0.4350439782482141
-0.07515879051855782
-0.12880189325159758
0.04826634346380645
-0.8054865922820615
-0.2879163729800694
-0.12480365276890862
-0.20361432258938789
0.054466938935098706
-0.058603600531690524
0.4403837244329572
0.08104368509878826
-0.11142166073356859
-0.687615457165017
-0.5875321775376104
-1.2001900815797133
-0.9114670443467551
-0.9573755832065577
0.0011485724803153349
0.1365846224551225
-0.4440496243672747
0.06827058566102709
-0.18724697844962251
-0.41666325442346014
-0.33641674129045995
-0.5164553622847368
0.10544734202797752
0.060554980981446856
-0.007174202134926949
-0.18234004782610388
-0.09787622561398436
-0.6207840601212372
-0.9862226157885564
-0.6253739511539839
0.6747365098667452
-0.07908385391886036
-0.13068687969111858
-0.2810315068158721
-0.25308748857012237
0.006876848522990789
-0.14761502512438857
0.18426818125016278
0.1497143928577318
0.006844909106881066
-0.1806300347797513
0.1418794364221667
0.0374836933032935
-0.42888088838387767
-0.26341198742151906
0.16179688554245042
0.058984591582827345
-0.3197172633778561
-0.33871624398012085
-0.2879444068183723
-0.5237567616130855
0.19749193023492695
-0.5613011993569764
-0.5704459050824167
-0.48165357655380364
-0.15420323112695883
0.03233409063746663
0.008551593015780904
0.02489610959014072
-0.057580056565156856
0.12930692940640845
-0.8401995959822047
-0.18062060700996724
0.10850308115028587
0.15323111697153607
-0.009759638605926867
-0.18628978775121774
0.08887444507164868
-0.13136213413803677
-0.5827087646688585
-0.26947541192521346
-0.16118068313429043
0.038544490051717194
0.39969127599693893
0.05391330521990186
0.1141523562263249
0.007581308475669539
0.09811608477554622
-0.5639294503109124
0.2404758934551236
0.06990317907500729
0.061123490484864686
0.29857511178707513
0.15149129885505924
-0.004860404927550046
0.6368273827338364
-0.07413251434120727
0.05265075109965429
0.4522641939054609
0.01743701179175092
-0.16438430903611376
-0.10790772091910042
0.2082314937983079
0.6409277222882922
-0.22455341379345892
0.20644610296213434
0.2420545395803967
0.15362022687550195
0.15812504451281206
0.3940133116843735
0.1498092871046752
0.6546439573748519
-0.08553852426142163
0.24939770674526124
0.4004872752306009
0.3612792723154298
-0.011168167894343797
0.037048455484043605
0.14647942348875048
0.43673001780383464
0.41291227274553055
0.5782175716124954
0.6324868135785151
-0.03528610070194886
0.17248272420700883
0.1674852222424296
0.17088632651588412
0.09826898937023294
0.6188850032047014
0.2751655274545419
0.6787689643975305
0.13753159136386076
0.004488346195365376
0.11428665524985251
0.2776731941822538
-0.24740267006307287
0.7077244735728658
1.1950050211107988
1.0916611557533842
0.34317551065339863
0.4539304611182121
0.04491084535881879
0.2974245619999775
-0.586125466558524
-0.48382924415850176
-0.1621212962749872
-0.2773784509745877
-0.06096764432032425
0.4240902411977118
0.2170287531815165
0.4660045426100026
-0.33388259970401457
-0.3543991748162581
-0.1703186700620688
0.12351727335432038
0.05116283545871719
0.0944418790746677
0.24179131104830867
-0.1880941277054428
-0.19263397204885715
-0.5617988807928235
-0.33977696255191364
-0.19431431190049545
0.42057786542164843
0.27098654417249174
0.21086768773731265
0.0024359149349815513
-0.08493093391881507
-0.37051239061226526
0.12707476338778542
0.31131165541023087
-0.13148593130403075
0.19695556337277562
-0.12401772346213587
-0.2019644393638519
-0.043245713962291106
-0.28954572198548123
0.006881961102841115
0.42055040351234274
0.18980775040929382
0.10373009714139346
-0.03330387998770685
0.04928709693198562
-0.029477730638017577
-0.19172786252546353
0.24168657516079886
0.5113472570196131
0.30742336411586285
-0.08232044041130962
-0.1774360290309943
-0.2251156213984986
-0.029845638076298548
-0.02048663256016765
-0.22039769955610786
0.17562205769050684
-0.1362836317955231
-0.4035973564276325
-0.06236221292276817
-0.5594309355948648
-0.36321720982755
0.7971347291271893
-0.21381742877880436
-0.7192627419336425
-1.0939003774472345
-0.12122208392069196
-0.5863752637543128
0.3097935939614913
-0.8026320185347077
1.379036282872906
0.060836171858202705
-1.8551752556558072
-0.6837513196761312
-0.7466041836146564
-0.4614961859433816
-0.1772960173429897
-0.43025844129657786
1.9035905933712562
0.5030418336199759
-0.36568958667951823
-0.5421335570288511
-0.5120102777842215
-0.7781049239240193
-0.15816856874493385
-0.19979898799736315
0.4560731348669954
0.38243489887958937
0.13257456968685014
0.07270636157180756
-0.06936142074096222
-0.07602178869199493
-0.2685362798943055
-0.17636738708285205
0.09889711535875301
-0.1694482521500949
0.18241719386087427
0.18523465538441325
0.02606176843789007
0.004017121091797879
-0.31288479392088725
-0.48333348512116003
-0.37485448536018035
0.053026368492857474
0.17307279676876614
0.1583627938161849
0.20431693745730847
0.36040430775936755
-0.22467598141127645
-0.6663687067095714
-0.1997875707485301
-0.028097965117755905
0.27059584470156195
0.39607526325567977
-0.07716409293769769
0.13508432169841422
0.09313568925271598
-0.14435858024366743
-0.21008708646776197
0.13383853607420013
0.4534687731793398
-0.043962363911656234
0.25458383492789993
0.12441945767345534
-0.015363784187312253
-0.03858101442513303
-0.4254603830646828
-0.06662131511427367
-0.08494649634162829
0.5012998603727877
0.1296024226637713
0.6841332870407474
0.13642921802292032
-0.12806144476759834
-0.15733936278832433
-0.024281379815057985
-0.46591862603403117
-0.5810088335440099
-0.11120223550398012
-0.22185718633952642
-0.497600756181893
-0.2609751350615763
-0.2866566438970346
-0.1877962939643029
0.009109868161646006
-0.09506724709058857
-0.2733407699722978
0.06049884882632246
-0.36413045144361644
-0.1820456564240718
0.3655017282931389
-0.13041840644552136
0.1642865346111594
-0.19261808692827123
-0.13482203747826338
-0.23197355269774314
-0.2772254244988081
-0.617998855951447
-0.5950080102498915
-0.33551437667464784
-0.3128584725461141
0.2399250161904966
-0.23145719260241918
-0.1716708329986343
-0.11890342068861529
-0.1967027097256742
-0.5694774496069126
-0.5339266318561787
-0.6812083576593204
-0.2458720413010184
0.1694223332697167
0.06470846366698461
-0.15500969138771042
0.0163922528289633
-0.8971943423560249
-0.17124531470198986
-0.5889158070657252
0.12886282415550698
-0.2011905998763422
0.09776429243716753
0.2842912940233727
0.12693337689396064
-0.9961216101991842
-0.41079045301123535
-0.22606356516332837
-0.1037048440609441
-0.034212288216636494
0.19136236059078635
0.35248664703071764
0.17459113459536346
-0.8770463039634587
-0.4292749403127395
-0.5398492438035513
0.14051990167511927
0.06889879781405316
0.32346832544232745
-0.07167173760758361
-0.006095978855792787
-0.2932728053464207
-0.27130708695311445
-0.05556711871898874
0.18256170104582786
0.11051171804187897
0.37618493179102114
-0.2581816239424354
0.08255914316673861
0.10097798620090404
0.21808487798979756
-0.13235342692235463
0.15609938409682106
0.2993712451385467
0.017082416608402075
0.19222583715996672
0.14269984689648751
0.32813696010219284
0.07795177965520031
-0.2908398146517609
-0.028357791682559967
0.5142122512323105
0.2919889333585747
0.12494609646981557
0.14362276780660227
0.48593077272661234
0.48035339367033486
0.10764881858096771
0.08464219695187654
0.31612221935683
0.7115885278547017
0.3298610249339775
0.1746240341877971
0.31098045347241593
0.5792140272153257
0.15622388285912395
0.08567219761108147
-0.006019796982303513
0.21285466624811916
0.2501453639832737
0.5016761891175171
0.7689040375509186
0.45017034648296844
0.6235677160469438
-0.12254451959676319
0.0682113629347021
0.5602604280300008
0.10672484760916132
0.7001266167073789
0.1511679477097228
0.5962920817314693
0.3296111128070252
0.1388356941052803
0.009448705833963487
0.04373220765573095
0.5649009592348561
0.2971836404775778
0.20988957024963606
0.6520432135493333
1.3043491597189154
0.29110044890822145
0.3378564329537364
-0.3566909558685073
0.03695242510926605
0.6842819338420641
-0.3925803407426381
-0.5355936640253613
0.1172005706279395
0.0817065664474985
0.09889576619499779
0.04049505753395912
0.5355479368925953
0.3113089139253535
-0.6831666517559648
-0.0982612007729387
-0.243430924172093
0.4141522190313559
-0.027902687489069905
0.022039071955462175
-0.16934114489773788
0.15942569197572062
-0.33965422849432875
0.13035294982439527
-0.031215850649699194
0.033641885924969375
0.3858915915174596
-0.1507230744690952
0.42174069322024627
0.08495182566589732
-0.37380874216559745
0.2056233509723724
0.2474848051712949
0.27396606683568875
0.02676334740577665
0.29490171905916457
-0.10023097342989949
0.3549039011756284
-0.4177081711483097
0.2516683436261937
0.01107914013631132
0.28323267250438267
0.30594063673206073
0.0986324206293719
0.1273904878103153
0.36531203641380655
0.2715917511952227
0.22594429590740686
0.362923716345218
-0.03320897849370134
0.16390693904184012
-0.09186931174700153
0.050296383123054574
0.1274134689092643
0.4780392066130125
0.6030619700582717
0.45521897352063156
0.20656710400715855
0.08567621505946872
0.17373283645661702
0.044521997546737725
0.18193959548190738
0.9561953735388449
0.6585565367302679
0.5600512435964865
-0.0535335630125441
0.044756370315069696
0.21429235624748694
0.15335132296640241
-0.2568765419345648
1.256018817288449
0.6001931791006799
0.597357792708202
0.04301165693478868
-0.13968093866962392
-0.12000983900832901
-0.28369986445346096
-0.5486109913215224
0.7627548629692826
0.3907862367941476
0.1666573418497996
-0.26237549604966953
-0.3748694099369926
-0.4795379074582782
-0.38158561801114926
-0.3065131606642996
0.44365680255742385
0.20266586052428845
0.2146197177064735
-0.04542800613965277
0.060392644277198135
-0.29483999527682314
0.05847644210213469
0.044744679563987096
-0.3314098074764388
-0.14684656164395837
0.15919680263202063
0.16167024099962204
0.07102412180246324
-0.037965483024165615
-0.0641685878843589
-0.2100037498949957
-0.38002437391631155
0.004770940599234453
-0.05334347758148729
-0.10196478678832126
0.2803984252670163
0.2014909554400165
-0.050159600977518475
-0.3170817563658074
-0.6508419229095063
-0.05766084605904948
-0.06246571461978393
0.19570901426459833
0.14276721517366253
0.21271323842358378
0.11245799439580735
0.10163625772077259
-0.3688903375131235
0.08331572246652476
0.4345301316445062
0.04322400610101307
-0.08082571695860602
0.38995903884430555
0.21866288409986143
-0.055928954163940545
-0.44092967571851127
-0.4947023867932728
-0.37370409571505575
0.16822670779561752
0.14530213037058376
0.23700837491823323
0.35312016696582404
0.35891282770576516
-0.421868030880071
-0.07463817481559684
0.05483440131253852
0.6612994115534693
1.09967659002449
0.8774616175354206
0.8001826890088679
0.6408945876052676
0.18120390648465973
0.1892336965694481
0.4738830367314265
0.06130334619980884
0.5283838923398777
0.5767825230769105
0.6083866175079459
1.0033487345208467
0.24148158565635672
0.04536601484271718
0.2942902375857449
0.6653499773303602
0.47556166591863
0.4966904602070516
0.9106091369411788
0.6831312697056682
-0.2570250655656602
0.00992077770678496
0.13539727394278706
0.3429516648552702
0.25727788615269664
0.20804199642218407
0.3288100878568439
0.26493401661456767
-0.5451807445693501
-0.3147119276143672
0.24425116634178048
0.2596085090278529
-0.18872747628104292
-0.26101622449140044
0.17816162285043902
-0.10301166528068444
0.041673519427215
0.19210247564283395
-0.11718226310041074
-0.4456059076295758
-0.2095720078211488
-0.8861791573853366
-0.32632465682713085
-0.05645673422155177
-0.28839888016733245
0.04350885924069044
0.11297494522535942
-0.1554773586467416
-0.4481058415499711
-0.5460100641469009
-0.68618554729539
0.1296232332247366
-0.09775557217672166
0.06218567434978754
0.3720517912109625
0.3753261745663732
0.17685032822896612
0.19718900693960842
-0.21347210647472403
-0.15771377135679931
0.6388033052932791
0.5543673382336177
0.43986456412743435
0.18664460017514597
0.010181228673976504
-0.013311325960867336
0.021068728833617097
-0.4548684924900516
0.2378201989635013
0.46288446538670097
0.2847721965613846
0.10970025253343478
0.19669594517773145
0.014809522917321575
-0.36500024979033113
-0.3991099008432047
-0.2765769557575636
0.2482098419361697
0.5620184225121271
0.16839470496123904
0.20249747568696297
0.009622399463002744
0.2605399696230166
-0.7657269920548303
-0.13600595079444908
-0.1697623617737636
0.14535384474407123
0.12395554606624054
0.10055768070807979
-0.18974635504033832
-0.20253453480176595
-0.03997987210461619
-0.8014557518345884
-0.16576450070007792
-0.2731868242894901
-0.0642492797115678
-0.1156896456276455
-0.1616938895290998
0.10481935598770893
-0.03750419476216326
-0.49605015942908603
-0.746765849560464
-0.35642676436273757
-0.23246728983215542
0.10707857203852539
-0.2296160075209375
-0.33686179677837774
0.07100532598913356
-0.4681679821134946
-0.2847048166550687
-0.46526558246252825
-0.12754995161243546
-0.1350978506309958
0.07226006145322601
-0.20773129344691102
-0.29491182006867145
-0.9872409308857667
-0.8604410143173801
-0.509642703203805
-0.42909195587983145
-0.592654545745116
-0.38206531159805257
0.20081483849460105
0.030638055323891203
-0.25310268710730904
-0.11358639459871901
0.4280406028331126
0.2898369944494789
0.3966766681172023
0.29935758961013526
0.24705262740090753
0.09330361660649851
0.009522879460435264
0.24510697903303247
0.26558816960809556
0.2937001435085668
0.1945035601232564
0.12010359063616437
0.1720015558895732
0.6426834750641295
-0.09273601190929129
0.3244493106149763
0.25532132343893926
0.19793747644924992
0.26627409536025
0.41553296704345494
0.26424662868593995
0.02304620856965813
0.7541527497095575
0.20687959178139748
0.5113928927647008
0.5884247862131369
0.010790885231411869
0.04320823096392825
0.168304124891458
0.04766853744830275
0.23869984165227567
0.41700994919238443
0.44091370331355006
0.3298860686730657
0.5560378611562734
0.42760159138850223
-0.06006458004239457
0.13789422773690257
-0.06016865219600192
0.3518597190171501
0.20456117554017544
0.14338894963884533
0.3645489781605799
0.40242481913617123
0.4572351053135057
-0.016917351119266053
-0.09525229013237314
0.1733515737780146
-0.1784204621166681
-0.016103289723371106
0.2888578190847292
0.18171047875283913
0.43180166059995845
0.35668323558441867
-0.6613200543246393
-0.16931294527563406
-0.275627042479217
-0.00356871374626441
-0.12962219117335874
0.2080525134073168
0.34231451596120543
0.4743642438814889
-0.8640865556789267
-0.7075350823397828
0.29937027436490393
-0.6677773828321988
0.22308178724961908
0.28301489160712945
0.6101628210428158
0.32168915312443264
-0.4561717536000372
-0.6658186294653945
-0.2805855511032007
0.19958970463802972
-0.08424127455472417
0.4471778379909624
-0.02218389715315552
0.27355577132483405
0.21581698622282736
-0.5856928259776205
-0.42084251364284236
-0.5017361773258642
-0.07749957085252797
-0.1708983726291328
0.0895317710840866
0.0070857184815437835
0.15425530228989706
-0.035103023550519204
-0.27255644671392587
-0.15929001088274392
-0.45201000174091605
-0.016089194539982657
-0.03143355873264714
0.15314317398453253
0.03590772322639853
0.12069706191116646
0.026222769306788903
0.06523529485428219
-0.16496891571375497
-0.12599685985659156
-0.27006163223693236
0.23575437295869894
0.023031762106021744
-0.004274115767885449
-0.12551969183212547
-0.018500839549833965
0.13623189691541945
-0.07389196320031424
-0.2713956568568569
0.11641510508152345
-0.10951221946901529
0.34833926519437386
-0.025580754324033502
0.13948335395347833
0.09213335756126748
-0.2047809160630937
-0.0991246824915825
-0.16162899013386886
0.0009560774062637827
0.1329105553239101
0.27326346892546866
0.2851818291124521
0.2724403731794588
0.15843857884979384
0.1780026144893792
-0.22280862538780838
0.504366638726657
0.4557602338475941
0.020393766158940115
0.21826005565009926
-0.1226244196396948
-0.42707526951874497
-0.4922817331899678
0.10284895319272211
0.34496611376606545
0.0663241067442535
0.287364141992765
-0.1498950715713242
-0.3323038015490109
0.08141815602910496
-0.5525583321291518
-0.39280544038841686
0.0930924349517322
0.3740770483109081
-0.06709907656257935
0.018337912217738034
-0.6122105728610091
-0.5531865576780928
-0.4150218504616883
-0.2897563417099903
0.35765892908646923
-0.4150210161637522
-0.2347996309489551
-0.04654990171042187
-0.27623542845527743
0.3464641895647871
-0.34646867276385357
0.18651364061586964
0.5610248421909948
-0.16766512486854326
-0.4061278875223944
-0.365288793350998
-0.56215899930093
-0.43562151461547655
-0.7560954317779762
-0.15361419663277343
-0.3256711856753966
0.08214948430668433
-0.19462418359407396
-0.14330043139893198
-0.1677933986876426
-0.3206091542912445
-0.21749499873796618
-0.4594037832458475
-0.21055494860309723
-0.3417767743035839
0.13979308903292734
0.09319007829261827
-0.5419672324445762
-0.4192729739747026
-0.2736426198400776
-0.435269063541769
0.2812056545226567
0.03360900200759315
-0.23409632227494612
-0.014267134446316327
0.41626464247116085
0.12848959705261825
-0.09036168368094268
-0.4496657369971382
-0.17843871644980341
-0.04002241063085503
0.21763476558553613
0.05183277634227211
-0.08776625569637538
-0.1033670495366948
0.36175161931395083
-0.36760848667155294
-0.2687583474907635
0.20227654958965793
0.5988124986752623
0.0100087379312085
0.17854960582587592
-0.07830485816980204
-0.0642865071057235
0.17997960098074417
-0.23130938383458113
0.23599149775913772
0.6090817046426132
0.2064459905626627
0.23576411945114956
0.2338200384400139
0.5407297480272188
-0.01917817408413384
-0.039091106941372876
0.7031417134083132
0.4506872392890986
0.4239462337805012
0.09646554016788404
0.18222893333198362
0.11480630396303793
0.4751099492463268
0.20552447073296887
0.5974703909321063
0.4613089777907209
0.15661999890899073
0.0414137157503728
-0.1632145896414682
0.4060464312135147
0.5230710428652581
0.6899746781039783
0.6014355042160525
0.5023612564699536
0.056252601805939315
-0.12576772081519916
-0.27171771120247423
0.22465408626220995
0.7023260351350319
0.5628132479749132
0.3470301285955642
0.4959914680520838
-0.4455356675491431
-0.576153889697078
0.08974100480087426
0.2807187707917532
0.32768566302364255
0.27307424967186
0.7643972933233033
0.02836335946403832
-0.8344744026436581
-0.624219111632294
0.27957887998117664
0.6724145395263941
0.4009828307914457
0.2766734399067664
0.9097321726162005
1.3039546162758546
0.7061293964638833
0.7782198646603841
0.6585341815479488
0.5137952485423711
0.529846514259983
0.4202713520250204
0.09817711660107296
0.40561288493975467
0.3541254035042542
0.4881204148317966
0.08931846567312549
-0.07893708026241804
-0.34526247379855435
0.27153621888801516
0.12958282253689715
-0.12382751917061044
-0.2951692485003422
0.0656142813238171
-0.5550652678039871
-0.7958387144708887
-0.7453287548603271
-0.8803864136841397
-0.5273763305865806
-1.077248555076735
-0.7858681285545396
-0.40702883162025183
-0.1704510195265349
0.07681546961960059
-0.09255209681576804
-0.3928005203961875
-1.0093005262072927
-0.4877706797674669
-0.33475909520000796
-0.59868984152316
-0.2584442970740013
0.06112505591183712
0.31800796937170484
-1.4245100383020208
-1.4357155117303813
-0.006815486761727218
0.023937223255549644
0.0005300392671166196
-0.24938850769869902
-0.42448211373995637
-0.4797637668398058
-0.5283234552394785
-0.16291054731629212
-0.1700798932990091
-0.2885749204783154
-0.13527428289322377
-0.08101217848317008
-0.8219063689057152
-1.1567997480159504
-0.200381979981698
-0.14290105755925872
-0.21329194176627336
-0.08920745727095529
0.057666297489181464
-0.3099583927619765
-0.44114687941975156
-0.8303979763558766
-0.4632048782123594
-0.5067704362318959
-0.06003106550174743
-0.013027471533806168
0.07035784322191567
-0.3239876238337884
-0.3094391165876229
-0.21907331400385543
-0.6866699860145271
-0.3949370673223844
-0.03092373114469343
0.0535293508491904
0.0401783800858862
0.14344547875564692
-0.07442194704611664
-0.19034728899432946
-0.21842708137489153
-0.14594102963908295
0.14365948789579022
0.2884239532576208
0.3291635281876131
0.029413914514708022
-0.5543402415253675
-0.08168074867635586
-0.17204210062759984
0.25618122698549367
0.07482307659031857
0.08125689553572041
0.2726846197356661
-0.02790506828222627
0.05430309827523158
-0.08480544868610325
0.18813470734933638
-0.14254555454984535
0.5220543737493378
0.3560326327626476
0.31722687206112193
0.04316504445594736
0.06553521474693819
0.24639596839171174
0.11113635747646167
0.2962989717350628
0.3070302933837813
0.12349876259434052
0.3997340804517227
0.3842327442730808
0.2871742540370206
0.3378053295573671
-0.02849803210041211
-0.04502786791253678
0.06082598692731054
0.18620509407766003
0.1385825106465894
0.06447780570337841
0.39381664671589156
0.42672726243823683
0.2142336996967783
-0.09067124910343524
-0.014736037025632764
-0.114996014113839
0.2803300281767847
-0.1040384251134727
0.3123554634813413
0.7208061840457215
0.21723611840358548
0.2959651209992702
0.19204637449978176
0.3360052606616365
-0.022342503169646703
-0.03431283587572114
-0.1041815652526068
0.2300002325244485
0.33185525449342296
-0.19991410924057879
-0.2854686085787583
-0.44224433204529334
-0.14977282226777383
-0.1163987350764963
-0.1735542752482827
-0.21448470364027675
-0.5810881544060554
-0.49723288385392345
-0.13660757295581108
-0.4263470310237963
-0.10410200069962601
-0.5182374665117684
-0.36685885411153096
-0.3622142402236916
-0.20656289094798025
-0.1275052595440134
-0.06998039636907628
-0.022315857070456236
-0.11960385134384958
0.2050461790412818
0.4840769822067353
-0.024726118735209718
-0.2747553896377662
-0.06830264621094553
-0.06120786859197198
0.12251417711277562
0.1184911257973242
0.3285986377445173
-0.05902918539969693
-0.10669462195506409
0.022224159091421294
-0.028945640037405664
-0.17891887358403982
0.16904220088769112
0.018807735820748527
-0.08051919802825273
-0.14718652069228416
0.2939021945512531
-0.33243422077266904
-0.32033074480438006
-0.22359222608777152
0.24690399728069484
0.16527774258367606
0.01998357262346346
0.08357146604036868
-0.04485698068977306
-0.35664964797955706
-0.2912951361469721
-0.43375397192914117
-0.15194874231095318
0.10464857431818256
-0.013864264777704569
0.09190897946091471
-0.14178398715037435
-0.34399783030521247
-0.4079843211643831
-0.6642172695007365
-0.1362571378236406
0.012003894954683327
0.2586738870732977
-0.09723123673304203
0.20446765739398237
-0.49203487936480783
-0.3832648590740517
-0.5406172221204202
0.043454324366557794
0.04380843722865346
0.15605042257883248
0.20787797911745398
0.14033328747126766
-0.00859483310899778
-0.08243513525605944
-0.28495987678089113
-0.3792731253435905
0.015912157169199814
0.06760105536633389
-0.05931008693686499
0.15610228865784379
0.28549742159343094
-0.15909430931721727
-0.3618965109877693
-0.39488364752310096
-0.1427844782635823
0.39431659798882823
0.002265628361573988
0.3730356489441797
-0.16661957381640652
0.056169837565770674
-0.022816952411301418
-0.39377103335676605
-0.15486979647988386
-0.06897966180786198
0.10900113581378104
-0.026255150025719334
0.37251927738277446
0.23766034923879928
0.274139823851255
-0.032567427169886705
-0.0177082596056314
0.03877786459330834
0.026249675186963656
0.053389257855656486
0.001053141781642562
0.3777383721186309
0.45050866151882724
0.5512108197049765
0.36336177304414274
0.02646234905671227
0.29357227118824725
0.3528300895893652
-0.022696044887996245
0.26300294729300905
0.6360760300238006
0.7314869002628765
0.7392037721405538
0.38925564437347554
0.09623881028088523
-0.3181609547935893
0.2966127307053886
0.17750146351961632
0.0946165187210785
0.21177198131360842
-0.31769958683442123
-0.8578903562114587
-0.6728770558914637
-0.9811265761104124
0.0979689829317942
-0.022353052810739748
-0.12135603931885942
-0.1885309556114739
0.07531047442669238
-0.7668982298092013
-0.488748380634732
-0.26084003214653695
0.5142047460405363
0.0838219943836339
-0.07549245537419669
-0.10164794546183994
-0.765579397778712
-0.6747995480805842
-0.024338207326990515
-0.7121844699081407
0.15388108462867092
-0.13100343136187342
0.026993048164604017
-0.5451679709949546
0.04073454007356599
0.13984467031309025
-0.2635378061492358
-0.4883297958934641
0.42031149121935996
-0.1198357256493859
-0.5366879879998324
-0.27699905471224623
0.1612906947624701
-0.29274034403395727
-0.26541497590931945
-0.9542392158911175
-0.0866906356411236
-0.050268450850951975
-0.036007359395693224
-0.08130537578608044
-0.15362747210866715
0.11500770404313114
-0.19088426683155393
0.055977349015832845
0.047821196747385136
0.10987227534813071
0.25986280999489564
0.12127357081489899
0.1993904692350062
0.0810882027605956
0.029231437897478972
-0.2936700795695448
-0.12871450109904906
0.12195496423464361
0.3068012602378154
-0.0943213249839112
-0.20320966778685817
0.030645876715375983
-0.12198746319569305
-0.5766375803020086
-0.0593468909956689
0.26155410242727806
0.7725739055078421
-0.06357315562566436
0.09124435004875944
0.16217870478341873
-0.4322401665177444
-0.5546564788140672
0.09306093924909943
0.6134395626874938
0.4970316993885947
0.13063204926827024
0.10166073580536808
-0.20823955124519553
0.06426119699989619
-0.561012302541026
0.3368028539619799
0.25792642399975435
0.5404269117952128
0.25003915440995933
0.2772006499681289
0.03749226004388532
-0.1804759039723914
-0.16851474541700207
-0.2064442280748888
0.5845604153613487
0.4836885239189489
0.26952804969591637
0.33464978680889557
0.1615798152956227
-0.1265083140128336
-0.2614602207135882
0.8002801041359945
0.24160624061806188
0.4703489878840617
0.0400675209635589
0.10614086316352897
-0.20481000421752762
0.19397100984772128
0.2613235138898723
0.19191730196905799
0.7521563801130782
0.20846108143148806
-0.05414991202792794
0.3177484408844745
0.12912198809001177
-0.046396971294347084
0.2693272406998905
1.11674366016519
0.09956258510293739
0.20459667263992617
-0.1671166487705479
-0.32983690748221073
0.08033486257780906
0.31830554565508856
0.14079384669770495
0.35591049805604946
0.8790855246688415
-0.021523498532762437
-0.3726970632669262
-0.329192764048369
-0.2974135280084716
-0.09736421218302353
0.28060141759976276
0.41156151936315905
-0.016977662351596375
0.7952153634270894
0.0827708247833198
0.13759952537207634
0.026310536987158368
-0.3057092378433609
0.033705257919668025
0.006164552999696758
0.13032926616691937
0.10640644363885039
0.47103435001704336
0.5441332793187242
0.12784119357735013
-0.007738152504135631
0.00368852649645934
0.22154728961591055
-0.05210713983458737
0.28586136654382527
0.6043679234810728
0.7550744076594226
-0.2655964722551795
-0.4713387358443999
-0.5029197774787689
0.0683544172184764
-0.13349562586192326
0.42996197787024787
0.26518802185764073
-0.2614994154525081
-0.018613526508356983
0.31634475817276475
-0.10738256370356061
-0.17411058420281805
-0.005210171198903887
-0.0747596368545323
0.020697210314483266
0.04869061946374213
-0.10164542493131039
-0.21335754587259947
-0.7013464299492753
-0.034851601433106186
-0.27793428948250926
0.06927510597272589
0.15079770685977095
0.25161078015276245
0.021318586483210396
-0.361001301960284
-0.790355063158659
-1.204334787491832
-0.25341229748232064
-0.18395378955952205
-0.026885320014778863
0.11737035687700574
-0.257840465609469
-0.3603369078994304
-0.3317992231776562
-0.5061700467009638
-0.30061266299132655
-0.15907786722224876
-0.07625295711565687
0.18121119739842606
-0.694911919232127
-0.32424005335426664
-0.044930431307863096
-0.5727267464273686
-0.2804617842058566
-0.1880316367497075
0.17169364932031791
0.008850321567851201
-1.0288838797680737
0.20095076008729493
-0.01896153573495305
-0.24333608767758547
-0.729482670740789
-0.31702007602914034
0.04183802347913732
-0.15433112519676434
-0.33819088641161343
-0.3648319171908128
0.3617191391706508
-0.3894580829023345
-0.705922577113657
-0.2965050956063954
0.07921021226787286
-0.01726284818950904
-0.4034749752109925
-0.10367257774876476
-0.21333422185364065
0.37401984514925485
-0.13792136015515194
0.09684905391969724
0.15823363891119602
-0.008760115034690668
-0.310055106352797
-0.024748997622079008
-0.09498134845133696
0.17895105946686718
0.1622173898452497
0.12911605982836744
0.20393424694051113
0.3519579384644122
0.19697760145031828
0.02513941005265411
-0.39850341561649455
0.15165813723228708
-0.1996654867226374
0.07891621217816673
-0.18997156376054067
0.2528426932572118
-0.11188202572232325
0.24178219791073377
0.09142903436361992
0.5923095096305294
-0.1996141840886644
0.33177836575389447
0.1097964260340871
-0.14906951321155928
0.15195569381096838
0.12252095595661296
0.40920375227487576
0.16617745426954814
0.22772805829762557
0.16716670611751994
-0.1704596482560342
0.320513708858396
0.11946451693080602
0.4887711976821235
0.6992740076046818
-0.17652231396560408
-0.21671695681587252
-0.12946378074240136
-0.28776440441367473
-0.4153435920282965
-0.2641843275456057
-0.3365727199197129
-0.22246138290198328
-0.12928635339802766
-0.2755421005711821
-0.23886608035806559
-0.18414523569757005
-0.4164770531349899
-0.5209113699893663
-0.3739950306881898
-0.27451212358023847
-0.27261563731552396
-0.009876410144984141
-0.13498610127061814
-0.5196796409161296
-0.3544640954100621
-0.2209219229498747
-0.2371524861906412
-0.004061788987030761
-0.18120540011065836
-0.25749865761276985
-0.2975256073690642
-0.3529788532046833
-0.35974956982840617
-0.031894422363508236
0.03402301133949125
-0.19879566620173694
-0.010985739687282572
0.013210786537860007
-0.1217718712819714
-0.08461713861168338
-0.5045327157366588
0.2503920914629083
0.23681476914759045
-0.21515067288054548
0.06987173386166494
0.13204691637066118
0.16633672201252442
-0.1589988111268606
0.07594558920455077
0.08112005392465264
0.3991836347993417
0.03918573682230784
0.741567214020959
0.23278407652647168
0.5857257382815503
-0.05350039052704036
0.23372351352296186
0.47859390287092113
0.4431534463613473
0.12037189483781491
0.16654669310957582
0.5544142592879326
0.7036155003193364
0.3248461589785019
0.23102500002976087
0.311768269516063
0.3529426596373409
0.5317066957534086
0.3985267053834613
0.40932301998808523
0.0026842070215713234
0.42491524433804506
0.6140831659580518
-0.02152307468612895
0.07656519452615247
0.5409533734517796
0.6286111715457448
0.0017139120470997032
-0.8200611854568701
0.14504295048890864
0.19498557110009926
-0.19430272464056295
-0.19635238315346362
0.4961628571558768
0.1523647203317146
-0.16794794820742348
-0.8827730230584054
-0.06277297546986198
-0.12134615818880803
-0.37930513936936466
0.014965650126031998
0.3239357856769808
0.31838771136705457
-0.27384271492099155
-1.3166812587698216
0.1482421321314771
-0.09917545575474075
-0.34636636906799734
-0.17460166261953705
0.3777612887150885
0.17210882098642896
-0.8450456955106097
-0.9908386977299889
0.2568547548852154
-0.08335435175241959
-0.28384353783002986
0.47721450269933813
0.23512128232067422
-0.02737472293222827
-0.26373180704743204
-1.2408651627909562
0.28908030910965393
-0.4122291525648479
-0.23777684959041162
-0.03223341526398875
0.05587737516956926
-0.06052293622527159
-0.2645333145021312
-0.44454039444628196
-0.8590247596045577
-0.4940081706312716
-0.4367579647172566
-0.25726470021345
-0.6859292482504262
0.011314181715223822
-0.2274112737829309
-0.250313893340845
-0.8499319338854412
-0.31868095327061646
-0.20386984475449227
-0.3596786606119459
-0.574747720777228
0.3530802945024981
0.16926938195799252
-0.3933081480349794
0.10592010869990935
-0.3553038733390058
0.21147777581010338
-0.5149579394140877
-0.3241510067514091
-0.007404015697382348
0.11199894262754473
-0.05402611787013007
-0.07987015108920079
0.1657300919650715
-0.051123697359991185
0.08326991663223299
0.06011991647888567
0.44084099412890515
-0.23713846372461764
0.09785068099023266
0.0004580516785575536
0.13066950409751688
0.3032089548628322
-0.1892842107533115
0.09632656512951118
-0.031913292637974836
0.2351550227203189
0.12990800120451101
-0.16415834973862461
0.15805746738114596
-0.1724649570571153
-0.3388034561551577
0.06423757586778493
0.29990268765801426
0.05364832354012953
0.2135595156257901
-0.12382261503366301
0.16513311487729013
0.03246346686205629
0.0778778263731677
-0.04048004015915693
0.5956816985323197
0.2726989589890596
0.05952665143648785
-0.047506322638792085
0.016561885776289302
0.28686718762334956
0.018645453755051025
0.12557451319974902
0.5268734926870139
0.316902918840554
0.32859948028255836
-0.18863380691610804
-0.161545401214228
0.04507123113954342
0.07838585426439698
0.2950784979880422
0.4635541255816239
0.7375511980733711
0.20373569346646625
0.15365318638151337
-0.6770934193721697
-0.08512241123036088
0.47377670018526524
0.8697942052994432
0.4585112644621331
0.8458077905411363
0.5091588333799355
0.11876487227589348
-0.6031733803510857
-0.1332141188234364
0.4034206103612679
0.35717349898362966
0.31800403552754086
0.5202269717956642
0.16453195892607764
0.09839616688634077
-0.415616400486072
-0.022466874720194742
0.3504966908074112
0.1556073363770581
0.35519148645833115
0.2703026950645271
-0.09095027462914627
-0.06718605338798399
-0.46709026350574256
-0.26011338688391467
-0.08778804846868103
0.44239465720230314
0.30486113969821044
0.12703104090039058
-0.5558354017598004
-0.3302196677489195
-0.652692346948194
-0.14913754341893734
-0.36887386497105135
0.32347596018792385
0.27855372563378317
-0.21659754786945057
-0.6073065779979646
-0.07716777181367092
-0.11609943721697799
-0.37762662456088336
-0.10632246690300598
0.009314389394288143
0.17058416140804245
-0.26278729848418336
-1.1867057719511866
0.010751493062666017
0.0368695422268764
-0.5262255105083016
-0.16188092021737108
0.12143013252601259
-0.16027840642013563
-0.3859051392530391
-1.1113076085593603
0.2056995970422462
-0.04762340777017382
-0.23445628203023489
-0.6836364561770798
-0.015376655501257535
0.2662140831163745
-0.5257540842379363
-0.3992557326275736
-0.08088162690592772
-0.34557698327361625
-0.14369868595293894
-0.39917849492222335
-0.5149936287752345
-0.10780800099689897
-0.03266370384551006
-0.1654824675004847
0.22002162442716233
0.0878410444818316
-0.16262427638320334
-0.3316675188734374
-0.47210628977578345
-0.7223210088910164
-0.2606531438336761
0.3072055423056222
0.08736375117992001
0.1106289263464276
-0.06282079585864846
0.08511824132175047
-0.48817754117379414
0.02124059696258842
-0.2734514181183076
-0.017411576531226693
0.38055046897308104
-0.21172358139983674
0.28367841374604663
-0.14129313169855282
-0.10799048241350775
-0.12214163446172155
0.42963109544357647
0.10022615358723166
0.18397643067618719
0.374718331165065
-0.1212331285492148
0.16867906224558596
-0.34529219695734914
0.07213147103466032
0.2804395046022316
0.5448894532826598
0.18411503825276407
0.1193157695317027
0.3264358420082166
-0.05928703057306796
0.050799747707870525
-0.06974137608636698
0.10040893457743356
0.3923648905998048
0.2825879272143225
0.37333221807203976
0.3362442442732411
0.2647132471942488
0.5301743644396015
-0.14796016314043064
0.05650260657017098
0.1520778809818224
-0.01128110824438143
-0.3095106269810445
0.10239841986917388
0.274316965770837
0.7214772491402038
0.556076630006868
-0.1368284775726199
-0.6016130610588754
-0.7306204449938541
-0.35609542550468265
-0.1715348901232011
0.22700611628190692
0.9932256947934982
0.7482775642121543
0.0008195503174635282
-0.7743849958429496
-0.8114862521939407
-0.6398324878312625
-0.5831551959096807
0.07887710415676034
1.2785072396119899
0.795618869883457
0.15051171234832117
-0.5756433337846777
-0.5293794301581304
-0.5760153497028332
-0.17611429665217052
-0.2811692160231167
0.18815357317872192
0.3610933873606535
0.2166205336936397
-0.12515893166037925
0.3429958399819653
-0.22804369598143082
-0.07000307702282582
-0.2345880446145859
-0.3164374818853818
0.022915957120264202
-0.2921221091555117
0.06850524248547296
0.5446951911504236
-0.013244980373969699
-0.04183865381014573
-0.2671098268392813
-0.4569054206994467
-0.11022105406123002
-0.13647203795419627
-0.043146247217811455
0.429222003252134
0.3434542877434067
0.175297471885705
-0.2905811615194667
-0.860871357063358
-0.2445275321627196
0.20616590938419538
0.05762239676156236
0.38989577728458563
0.2481884469250109
0.33582804421362705
0.31210550159152123
-0.4097218732137627
-0.03795175909411197
0.27400605987632565
0.39623153589523746
0.29249918274918263
0.10395422575085826
0.09336764496819594
0.011774677152697473
0.14915319170169064
0.09778152359617215
0.7200195686092192
0.4952280264854248
0.48750076139023224
0.3178346635516809
0.13271174566140623
0.11829072554124245
0.41255358632889333
-0.1256591485077879
0.36509789451578134
0.6514630480059411
0.8496180772194903
1.0416308928763178
0.9264548433982168
0.5165554531863588
-0.12070013214679531
0.33070531029456723
0.34315182016844936
0.47250346876468274
0.356339724202086
0.3035114292585025
0.22169120050589805
0.32939763417303514
0.4079673182760976
0.42352372677939054
0.14596537738479862
0.24698770169854495
0.5584159298857644
0.07975169738833875
0.6160719897497072
0.7790502691328514
0.596582721350279
0.5150205796628688
0.4448319819967975
0.3179635072344567
0.4230206392873409
0.3424081104477968
0.03224291225573704
0.24794574850175555
0.3019202418376646
0.1006319171399391
0.1040423746916759
0.2695764813262245
-0.15519401908192945
-0.24422780210700407
0.2964341652969522
0.35202369907958
0.3525916054279985
-0.14142277649657697
0.22452374810123552
0.21565601081286626
0.02521429777580275
0.08415166475766046
0.11194939844507033
0.19299171392791872
0.49109212495731386
-0.043504339816149866
0.02470519423673146
0.5708674269169723
0.05311434363171493
0.10229154391988579
0.1712617405873845
-0.043037801699923224
0.12917146292156767
-0.13428610355747844
0.2800775364337919
0.5799505048452808
0.04922056230970188
0.09872928909836828
0.22432335478238594
0.057122250165063705
0.04541545491118222
0.07937662294648734
0.1511665957310408
0.30252138720540395
-0.009467019194181109
-0.09374487812403581
-0.05014121364019314
-0.07064212714507456
-0.22097087589218994
-0.15416235408274692
0.2195677387201304
0.16800639270081613
-0.0850162407730324
-0.05664769544528031
0.089822615346586
-0.1257131287829383
-0.3736785145865334
-0.004423882582106389
0.007796400636157084
0.11985418453656212
-0.25741147187860947
-0.12324339420551968
-0.2203226016599907
-0.3149105640082011
-0.04191753848201007
-0.3532026885552512
-0.16994613843277873
0.030865402708243728
-0.11148033179056262
-0.02247813416408573
-0.14377278919458356
-0.12043591339934816
-0.3533801502406181
-0.09744250204976933
0.05000383577282023
-0.20594399764368723
-0.059108586623677226
-0.19029156685189877
-0.06892346825209081
-0.02309300434532715
-0.9892891585679733
-0.45015710861333225
-0.21751322580783436
0.06813680628792769
-0.45630615009820924
-0.004814266784338467
-0.47137003153749685
-0.15344913760819517
-0.6450723910637156
0.06249841898087955
-0.24608124390136624
-0.14082335214199768
0.011334903043493105
-0.18120596770469655
0.04139174286158808
-0.5973153364739783
-0.317888440987594
-0.07916514505006175
-0.568385831937133
-0.440361248867123
-0.316909025725309
-0.25799698219485306
-0.14546555264345196
-0.7741543844355835
-0.6030823972444708
-0.0086045709304613
-0.2515645156199711
0.47439319432385085
0.4412804320316921
0.3845637356111099
0.2966402131530818
0.29688794298335275
0.1515237492016742
-0.011316285954644392
0.15557799194569885
0.382090706653327
0.15031924960513196
0.5280937981008498
0.0760290533669835
0.6178995810434564
0.2263639439835517
0.12055334647062575
0.2576329540195618
0.2515656447500215
0.5368037194296588
0.33463028008392465
0.3120497516515586
0.33462258796405325
0.028045744818758676
0.48093081311889435
0.37492435134822494
0.40165601880600676
0.3080788490499727
0.1889505805719411
0.2637523322433507
-0.057283897492971046
0.011165674765837803
-0.050556115654902256
0.4808823843164001
0.49192187835857254
0.17814429329515663
0.36499947524712406
-0.017939285408370555
-0.2373364644177509
-0.2673420874233779
0.41552178452173283
0.2397276312157817
0.1791838434515518
0.2918791186834121
0.35426247567038927
-0.034010328213765074
0.11189850548144649
-0.3064159935476958
0.07267973305126457
0.09322290071275947
-0.058114131588386714
0.250981240141335
0.1455746146071567
0.16500891575683663
0.017277470922166784
-0.06317515548943461
-0.5832016929946396
-0.22378701802809564
-0.029485501847141948
0.007610229403489944
0.25717454278815993
-0.2924109054796178
-0.19842582217542562
0.43190560257776417
-0.4218640742142526
-0.08801320830980414
-0.1802043703979532
-0.1020670358627465
-0.09184807164898429
0.056802735884120346
0.43593129554176596
0.045102033962325094
-0.4154948640281015
-0.41863034848546316
-0.17091265692579005
0.14379524885056671
-0.3408490714500467
0.24883182950088953
0.1093312491486095
0.17010869573710843
-0.16280921473410115
-0.26220036907221167
-0.2143222139265883
-0.3073669638926345
0.0158080349653357
0.026679278554040526
0.12240473648391871
-0.014715086733111544
-0.2082406648067689
-0.22196303283928095
0.007913434032193686
-0.1514601519274213
-0.0984828792193057
-0.07703240569474915
0.2292527021133281
-0.5046262579398502
-0.0046771213648299495
-0.23269238748609025
0.02846766096305238
-0.26033587902252825
-0.07226888489266249
-0.13865688512467467
-0.6691829748303854
0.5920629805228853
-0.35776322034345903
-0.24901544234803735
-0.2255641792968787
-0.0730266356514143
-0.27193424439774105
0.06314145788902999
-0.1587825198267989
0.03026500167990196
-0.14258873534555272
-0.3532968613055842
-0.029412302291562584
0.1165517973833934
0.17098277257891012
-0.3497155419407089
-0.016927206219953257
0.16173202215546129
-0.037711581660107955
-0.2338322734072572
-0.19093261336470344
0.05038034283101304
-0.16492512933842265
-0.05909172043311613
-0.14515280195483787
0.14321068573874712
0.33185074609347515
-0.033786723806685987
-0.2178149603480834
0.21211506863473015
0.542860286077866
0.33442031254084886
0.4909597463850595
0.47757999219877384
-0.19496678364128997
-0.19305406124276434
-0.3448227290027642
-0.2037599623844244
0.1831552746835423
0.250452678349203
0.09861659863751852
-0.0009138459370440139
0.44779781599662577
0.12946647031027186
-0.3685792150841054
0.16977458363818043
0.22634524420136168
0.10189421228307897
0.47401430421778185
0.0674232581421166
-0.2016842738436383
0.318626733662387
0.271030869433238
-0.04229136332323256
0.2272295974106982
0.05385003916894549
-0.23330868491794604
-0.2277359680856611
0.44959361536450887
0.1030067804173481
0.3637679909929575
-0.20259485207611866
0.3071585709935448
0.17207433534717517
-0.0030676681403763164
0.11252473700154875
0.4540021367477062
0.3641355294860668
0.47613818843936656
-0.263096718378962
-0.012706310372506293
0.09014054868168728
0.021868702314384973
-0.1032186818987614
0.8168278578056289
0.24918783934474537
0.3533698349460461
-0.273658874143271
-0.4244019822529817
-0.45357552419282826
-0.5857793493820572
0.4190559163801132
0.5938258523250203
0.8072917012433768
0.2601805814435479
0.030240068484143547
-0.4416298064325507
-0.46412726085143846
-0.5599224057536297
-0.2484804386352407
0.5527834347919991
0.7593795838553992
0.6702376509094821
-0.21850964408395787
-0.09305615420388891
-0.5957596314405527
-0.6171556036448181
-0.7442098629201706
0.1691513183320361
0.631926498065013
0.5191074001297717
0.03702174549061543
-0.10835036192490298
-0.3241514190384442
-0.47220687140164924
-0.8251670710694805
0.5448917903441902
0.24406178629827294
0.3888556993671681
0.0035708265645161617
-0.001308542784269541
0.026112918028955753
-0.7449895730234886
-1.5990841262925617
0.24336723840593386
0.1756764851491493
0.08282795191786124
-0.33161716663808083
-0.1080269847489676
-0.06333693198183543
-0.22349714167549484
-1.6131388479865183
0.14730176405386533
-0.10782070150924083
-0.23230049695851254
-0.02962515397217021
-0.04017019715450684
0.119527842940388
-0.4061107547064358
-1.1567141541236967
-0.34270238375386985
-0.24099557539078564
-0.116752426050542
-0.1836562987139027
0.09050946415039822
-0.10564282841360753
-0.2665021016463476
-1.1912367059894517
-0.10179101294241072
-0.06782134438805835
-0.25912759316174633
0.12500021852603677
0.09593623915158134
0.1537469597641304
0.011981819768522337
-1.1214711727085853
-0.06895285133910813
-0.45257805612038626
-0.3995761462479165
-0.13059559611533664
-0.034791864239748053
0.19568490544617717
-0.5562218621531689
-1.0221873750348296
-0.5521784625246957
-0.22934917173320318
0.03546543755539372
0.013109891119236921
0.17373853649773768
0.29844763473214253
0.01913409874986548
0.11483152695057275
-0.03193309367946787
-0.13047635554420808
0.024158092792296297
0.23540856902616314
-0.042297139707275
-0.006223627369366885
0.08090536219161655
0.25244784261249575
-0.32882885779761334
0.026069170271931275
0.04442324256931681
0.4855821717002811
0.39339664642430816
0.09366694674487247
0.017186855273621175
0.5017560304908507
0.5745053126716259
0.3488819620060472
0.3673049991444431
0.11038201383238869
-0.023158015154544135
-0.15799113076727817
0.22442346124639784
0.09470365035992083
0.1591981122047897
0.44946192306306215
0.5595500316817177
0.17618684566377774
0.1800335975560561
-0.11335279826477081
-0.2111440705685725
0.03402859941543866
0.1604417265917089
0.6857203858636814
0.24265350963866616
-0.08455004242201057
-0.1852442792043758
-0.26406679191598437
-0.5056934562902545
-0.6116423426334705
0.6695057116429727
0.34587074633207004
0.27153156208363083
-0.21985451081984647
0.03669392633194154
-0.41160666837568144
-0.2208162970156583
-0.4971461307133591
0.21678765033574193
-0.1757611681396811
0.08547212999725004
0.41497767849493805
-0.33688585624367595
0.33460684208479535
0.06346547397014357
-0.4299023082703297
-0.9719279548398079
-0.4219797175728002
0.06369310666426228
0.06387728673633371
0.4039724039080231
0.22732346652762497
0.35923356879946844
0.41577788007747224
-1.8349868499828224
-0.665040183686461
-0.7481781843062006
-0.23053571305653536
-0.10365205140213811
-0.019482168061825404
0.29952376484175536
0.6310681922014499
-1.319159798486032
-1.1589915318251514
-1.0840382927770773
-0.6107523588689338
-0.09528783946195683
0.6236295538082729
0.5559365620383859
0.6471043429506
0.6524944567406444
-0.17903553763409746
-0.12530097782380203
-0.13327933937500278
0.17881719257100379
0.08937267825749312
0.17488496120388058
0.9713408362584509
0.21886290087167845
0.40991467405966836
0.23643937812644814
-0.2305264406123814
0.006189740453934203
-0.1675050678611914
-0.04184456400581073
-0.08899508688487066
0.28934589004170896
0.18872696461165375
0.15719224803017906
0.18961682966935567
-0.5781315657771934
0.22941145712641403
-0.7215378698568684
-0.3270659128573308
-0.15032296955002158
0.3442935300003532
0.3241083362114937
0.18601331709825808
0.25845078429700313
-0.09972008863101707
-0.13050880116592123
-0.18159969948180016
0.8967989530602046
0.28290175884350605
0.28884188830579965
0.4990783314280885
0.1120838511725897
-0.15402983335810877
0.031119773163888496
-0.14567921588648142
0.21767471058032653
-0.08025003102327893
-0.2289887551820585
-0.3561381435902922
-0.22135850131518667
0.39787710792420383
0.0003655779899316337
0.8193168651573418
-0.021911794290977747
-0.08330573991873558
-0.07197620659763629
0.27415376307589695
0.46645193626092374
-0.007384466191236113
0.24976725133950511
0.10025372302680564
-0.14950158777378944
-0.20974279605345386
0.32749688367579477
0.3146844215540127
0.3618277089753701
0.3464608497851745
0.2429968934066908
-0.2443176350559881
-0.5037348194540268
-0.05190079026886591
0.09375927527835992
0.1701830777250998
0.18638350471260157
-0.06233270609069425
-0.05896143505961148
-0.11056523196846034
-0.2452631808485564
0.07560831224107868
0.3103825422933234
0.5372823498928627
-0.0996564022577104
0.25382750662942427
0.43740363300916374
-0.1803228500700936
-0.07947048567925226
-0.17065249412162733
0.13360654811924416
0.16688729716396827
0.4840849337740071
0.13751952610976612
0.09592201211456117
-0.1955983068685172
-0.2855351937126698
0.20692509580842103
0.0933034905599873
0.1622191193075132
0.1276584889630375
0.24848654983206842
0.3077375555594141
0.2518660952697349
0.09185645212646242
-0.32907040752794
0.21383933259587348
0.16182230585587076
0.053282542687736426
0.14954729854452695
0.00110895673536778
0.3382578861354666
-0.10970304726881204
0.2758922483566919
0.2573541161740739
0.028959533121802696
0.16962077904352152
0.23087287359441674
0.09211621387079494
0.2133608810702351
-0.3775088258322448
0.019965662180064823
0.4480756258411129
-0.03994191299332973
0.08454593608711998
0.19651056621589694
-0.08785337737277453
-0.33542434414477396
-0.6679461736353147
-0.31604582656161084
-0.28378252381317015
0.046529569333023525
0.11960447944634446
-0.05924015439661656
-0.16240733729286277
-0.3153139304255546
-0.8605471448626817
-0.28597086085875173
-0.1921565450475294
0.15431176039615394
0.07347621173611199
-0.27755919419685715
0.008871408895402562
-0.18270227095578995
-0.6369599139273956
-0.3891896157679335
-0.059933133770403185
-0.06132683626706149
0.016523573350398783
0.12252742830138448
-0.1959862071034896
0.29142917983455696
-0.832153061265587
-0.5631881553638834
-0.06289203002752412
0.13525803055648933
0.17041988835533153
0.17276799606462856
-0.22376384594974214
0.3195336429535614
-0.5583336228074702
-0.27794764777423964
-0.2852143686643417
-0.0213465470830822
0.1177820800148244
-0.030198202080983894
0.17966907198613696
0.20963179613205496
-0.09365398635696882
-0.919101582267326
-0.6084543954346584
0.1250198853009941
-0.20801230178245142
0.3931593730914276
0.2863128702722983
0.6823956577867205
-0.022434931975762164
-0.1958311018413005
-0.5888755783536741
-0.8040232426028748
-0.967579080397707
-0.4760573262040939
0.39043883446511624
0.1244511322751581
-0.5512568591953322
-0.32481417104366683
-0.7493575478924481
-0.5108778370263747
-0.9081764145540888
-0.1926407538579897
0.02296667780590398
-0.3193787321298492
-0.3169048115921951
0.07820385637783431
-0.7969387634506657
-1.0754179303191387
-0.591320147682068
-0.17148280856119147
-0.16058531069572882
0.6897579665741592
-0.13407674470935244
-0.4285260826937244
-0.8287656470705957
-0.4935486162385808
-0.05597473493940124
-0.37110357231084035
-0.1815486660835431
0.020760253399105675
0.287712805665559
-0.3630916417191961
-1.073447194888314
-0.41191630604600077
-0.2350115628924772
-0.0511548194398393
-0.30247904655925484
0.5351173398157699
0.45623136550991494
-0.47757308851174307
-1.0448293662415642
-0.08219281497801245
-0.3713532504083295
0.03101794521322756
0.40121146436263583
1.0413493811815564
0.9221780030152834
-0.027907280609402077
-1.547124915223528
-0.006278083012647408
0.09826970375929277
0.15296065536145229
0.23745816958192006
0.3368463229151664
0.6137321464888857
0.3240936845355587
-1.0232654410406723
-0.3572018571166852
-0.09983343109115797
0.23567490829710516
0.112718705226746
-0.022589344402401478
1.1770073933748764
0.4242143043084102
-0.9442471717681441
0.2568342490653634
-0.10444338021809288
0.45440448588626464
0.12149615553310085
0.04789203192727488
1.0172562275908
0.16185657999076072
-0.19789147916710934
-0.24572025007588283
0.15584563060566983
0.53953006490462
0.535711117021197
0.11809211151550107
0.04747974648971462
0.2488999358521289
0.2441753252579929
0.299103392764298
-0.17541858684491143
0.15926317627475378
0.24571612636329593
0.26494405021005063
0.06764327226581665
-0.25004777386866184
0.14200097740533224
-0.0799832075238056
0.3219611779099462
0.14024257409333515
0.03083377369129143
0.19873347905751687
-0.1741785688834993
0.07405723764228946
0.08226948715597601
0.06395337408328643
-0.019356507557318044
0.3381255949828113
0.03621773634146753
0.24385966203686243
-0.11810798245440539
0.025437233663536556
0.2591661418997762
0.07802248526360062
0.15093149084165702
0.025671741935027043
0.4470693368845803
-0.0599509900928957
-0.5802258541344505
0.05337307320145114
-0.009975237399395839
-0.19479384970428165
0.5274897446919524
-0.012327693602401628
0.08405692271260276
0.03153035844903125
-0.07890059098253832
-0.01762863066262782
0.15512845634601952
0.4334834793884382
-0.05848649903534705
0.3346389029296477
-0.3523409541756833
0.5265516212559548
-0.15181947119221526
-0.08446134739883719
-0.7976690526952771
-0.576158782866667
-0.9560651188320873
0.07278049382332391
0.5328714205999
0.7576507986883196
0.2736567673516621
0.07268665980120946
-0.7859925814434574
-0.4816288909734472
-1.1794430543330234
0.11130294136219532
0.044277402940308304
0.5592978551469496
-0.05124447755292284
0.1804098014892716
-0.1499280330916352
-1.0616592487956649
-0.5164942485622497
-0.35627743835722114
0.6475767130930573
1.1830404512655102
-0.13114556060038696
-0.11910977990288936
-0.40514044270625316
-0.47366594932547185
-0.45528498103625265
0.27686203988600444
0.17304970447179072
0.5989183617868511
0.36684490247046775
0.21639741567203838
-0.6226100873174685
-0.4395036508537179
-0.15680318791282086
-0.27959459988222135
0.2952605525985985
0.7452821601156682
0.8402046114292672
-0.18569393160306186
-0.528500591742516
0.012711960431149928
-0.37471606951992253
0.06706027551645863
0.40691515280896967
0.7987591369474599
0.8942295216881326
0.23878797268916643
-0.41386890066417803
-0.4809786490601057
-0.41153452963268516
-0.4770843080237325
0.35778610668926764
0.34349698333105205
0.28943244532217144
-0.06676298075077955
0.01897121283919652
-0.2614490794716288
-0.27400796887231654
-0.18349279447125694
-0.23716277922816636
-0.1307796039415562
0.03938188459416594
-0.41460530241548216
0.042668469780955016
-0.37074046110780456
-0.15423613975387213
-0.15580800616584942
-0.3436158104510461
-0.17282354465760974
-0.0073106424122402185
0.019217227136189098
0.02830293395338421
-0.06081751186326192
0.30316728151868205
0.06764102782452774
-0.20552977974867517
-0.7301052765752173
-0.3277362110704479
-0.009756432636132234
0.2505762520220628
0.15331365470458078
0.11203061964447422
0.2187747015767121
0.028136857698632962
-0.31701957867008
-0.6067498257809513
0.019892449172940942
0.20473575209341094
0.23887563969898726
0.3156365007092887
0.1439662293269188
-0.24670080656991372
-0.21955783946074128
-0.3909163263940208
-0.29896920951081085
0.2377327790220263
-0.13056439719144858
0.08356051871620791
-0.010902271358905466
-0.009164480742905328
-0.4625898885458239
-0.01170486534677253
-0.27395009005052307
0.20410108720431097
-0.031698621633503184
-0.009755195523660245
0.17603033967738738
0.19404359003172553
-0.18392512547563228
-0.4996282642766024
-0.29394833953912797
-0.1261283883768974
-0.19351990584082615
0.27426963426092277
0.14060982498746527
0.054875398381565216
0.2864021316945722
-0.872999896355258
-0.4081206141882136
-0.20979869631772155
-0.07454861966197582
0.0445235889558113
-0.25394696071621137
0.2175468468360034
0.09180618185402907
-0.07172574113457786
-0.0771918758837044
-0.06947485591536998
-0.19626432697786358
-0.3832513355411651
-0.2072327672790755
-0.11432790869980243
-0.25692329582501394
-0.09270592676963905
-0.06893555858260707
-0.04896589302540052
-0.1866779353782528
-0.3744792349230882
-0.32610332076139165
-0.2301073891041986
-0.2811822841481966
-0.29019765822679167
-0.2584330676744818
-0.0958344383018775
-0.23660114605368598
-0.7695208148742723
-0.11533285693102208
-0.37758995061225903
-0.19947395117361819
-0.3791159099459327
-0.593095100081308
-0.1595906628260365
-0.28542365197430625
-0.0805002072212154
-0.3804812411193497
-0.3967822086869387
-0.14045487170132923
-0.3052081776448586
-0.8500769663459264
-0.3109698038490416
-0.24248172247988406
-0.6827011712143234
-0.5186261752008438
-0.23009765399533594
0.3564282897873177
-0.020273236551145244
-0.6215757338234646
-0.8532760772629656
-0.25887602050136216
-0.5917347428143747
-0.732574244972187
0.10009710843915913
0.8287034844190586
0.4061341702553396
-0.715779574396626
-0.4451647717204799
-0.04318743678128321
-0.16788122961086166
-0.6174031363813476
-0.08745770791917101
1.2653020781791593
0.6833561510253106
-0.136120447716738
-0.01614910524264801
0.5404671070140531
0.16820352031322594
-0.7685939103522286
-0.16171827834396046
0.8191772065914957
0.44570403157546407
0.301667967987039
0.3540696011867449
0.5389089597489296
0.3545699209975652
0.20228549158800938
-0.3437702675990128
0.12530324636937515
0.7053962182894807
0.10857918725393215
0.6645247614240409
0.6677605579498412
0.14356566119942438
0.23409273882796275
0.060299547674195986
-0.5054697838833121
-0.197252600051921
0.3190908227991419
0.35751117554005235
0.5820874777169432
-0.11598088683346779
0.1334691154717374
0.06718904531984297
-0.043243846160276184
-0.027131348788234963
0.206782038126281
-0.03524633109382929
-0.22813404235652
-0.14128176691522154
-0.0045352128214692184
0.3586991949911339
-0.18382780308479735
-0.2220215448515658
-0.0645303720819681
0.2181119870418589
-0.1459475553495304
-0.21905401816465245
0.20779420190824366
0.20778376233356793
0.3091914713639398
-0.025615945285912895
0.08233710171869113
-0.20996046781007818
-0.20128895568877683
-0.21245469016313595
-0.37782698040183277
0.17425550432780748
0.08264214261986749
0.19585825491870487
-0.18684653598684398
-0.3334848701574067
0.07153298258658183
-0.07379501497285584
-0.2437902337878756
0.07952382267674411
0.02778735775447382
-0.10183541940337765
-0.18570665874384804
-0.040784472461967994
-0.47565804837669123
-0.3269780856169681
-0.3035139172401631
-0.28622202604028296
-0.035410188938386405
-0.08880910946671432
-0.11805111687778423
-0.4280024436479912
-0.374014502360008
-0.07552081855050845
-0.16870915232790887
-0.05331161697615178
0.08079322962188724
0.3212395602545069
-0.38455027135240377
-0.17057826849631935
-0.14448470596629387
0.06595061014784914
-0.1631269743335429
0.0025572369981204674
-0.16034383541564465
0.35552923556529176
-0.2821972242118954
-0.09297262821046022
-0.25970639719381344
0.00784888315409793
0.4763138317948071
-0.0384309633667431
0.38466196303648237
0.38400262495621384
0.14187852253000197
0.15602060978094587
-0.14307673368805846
-0.346365011392884
0.1218641356417642
0.27218651072514105
-0.1934110161979752
0.18462422708823104
0.28280060777083676
-0.07501607345678185
-5.895590507355459e-05
0.06649960855511161
0.07718704623070845
0.4779271721210843
-0.10096489291260222
0.14727807564294942
0.3465416735043984
0.25575242685720356
-0.057923206748505644
0.35788656290858584
0.04021950215904169
-0.18843579980274616
-0.4592763594804111
-0.18671018586555047
0.26546660721887116
0.2844315860368978
0.289635868614415
0.2397774742995267
0.23747619886386723
0.04330510913333139
-0.7532231254275441
-0.8054776433900013
-0.09688461305793228
0.7036707941567345
0.17578437664416532
0.22944639335545916
0.059366372738727836
-0.3136081195894097
-0.09926506785557024
-1.0379477147502554
-0.2893838108027022
0.22310495057539298
0.5943573009339689
0.17288416214208108
0.23942606202089375
-0.16168689794771296
-0.15556204888168973
-0.3408508598727613
-0.046983145137763936
0.21805779557389662
0.1689384622220565
0.2563678848595932
0.26688560417278195
0.27386783280964344
0.2036692954930219
0.4169124909442568
0.14599042493306782
-0.15921148545690786
-0.17681740265967283
-0.09064416160214712
0.0797072394152273
0.047273660562098425
0.5344183863926045
0.14926812242521617
0.032867962224687026
-0.08820394560100388
-0.5306085933979638
-0.407388165948939
0.09870853579830074
0.2976906373001407
0.18691887760494855
0.4219429540306029
0.10532903087633154
-0.16384382395854405
-0.2749542490900977
-0.12435700305249633
-0.3124074187136401
0.12140911108022659
0.14299716068003035
0.06445259897513103
-0.14406747935429362
-0.3723899526031157
0.04686562061151692
-0.13214003822926712
-0.18446683981446346
-0.08068279574471604
-0.0975543482913922
-0.21741407852786154
-0.16421595610685408
-0.2838804333511974
0.0863602866944702
-0.1431032079770055
0.08129698402238308
-0.40557913395226264
0.3957918611384388
0.07535523544263126
-0.09667158404143096
-0.16780964113540697
-0.07957658784045894
0.09912474539936522
-0.3323285933528254
-0.4590283620545569
-0.6778750156830813
0.5559061642780568
0.17325646071505812
-0.18208626383883286
-0.20319331159277418
-0.6070612348382589
-0.02724763621506406
0.5590403047402636
0.16453989059891333
0.5679488193922302
0.547814057853446
0.3917018772444999
-0.02976423161833866
0.02765408767207802
0.08564883591599406
0.35157892360504994
0.6224046070634095
0.2701159078828857
0.28503337673176754
0.28766044710838656
-0.1337119154567834
0.05597270804310525
0.45753985867443
0.33285536554483186
0.49366949622848116
0.7561610914989985
0.12819740476953942
0.09418513304814373
0.6835476919239933
0.4444593597335521
0.16279882716255606
-0.034076912348112165
0.46918108669523545
0.38059811787294084
0.320623133123434
0.2899897651264462
0.28955315205077203
0.33349681436927114
0.5897066207829821
0.432917485255451
0.016261821196572747
0.4408161491269056
0.147372150738825
0.5697595151350868
0.003789783610498398
0.28956611377261704
0.41408426517422153
0.29264356220374604
-0.2252702267167401
-0.10146625769018858
-0.029165108458722836
-0.15211599473887621
0.005190063139621304
0.5356116972077541
0.5173697168471905
0.562595874227272
0.240165029712621
-1.3287474733014126
-0.3832105723001648
-0.044842677738174117
0.26359548538089916
0.2475021113298358
0.09937723858277334
0.326125998370132
0.21414200695550095
-1.9887997879392596
-0.7955590400194201
-0.41139453335703047
-0.4229826046682523
-0.16991626814009447
0.6193217389783445
-0.03433308878497238
0.2389803552661404
-0.9657047221738361
-1.2232866239327151
0.10736029591761048
-0.09947005712607573
0.05806001767007243
-0.36268419201830776
0.1655324112747032
0.31538249658168754
0.2138860997250174
-0.0322330724540844
0.011576806196819589
-0.4765245137128958
-0.2968296733624629
0.012427144944630672
0.09207534603222464
0.05340857402104975
0.025673475804379783
-0.33414445629239176
0.16994604756492532
-0.3048596006923124
0.0344986751082618
-0.2918889681183369
-0.0403555427421516
-0.10098149805171729
0.29841769861305095
0.19174669682768816
-0.40777209342168586
0.02814832946400606
-0.23310670064148512
-0.13519151868011411
-0.09532365075965046
-0.1430029881149719
0.22115499464666655
-0.059534611154776707
0.30160641961866
-0.10542976843527989
-0.0750088932154321
-0.013669983313439356
-0.3118918198307522
-0.4502424474115674
0.1327118602456308
0.004547099790321937
-0.2624332505039601
-0.11521002012966888
0.23196814926071263
-0.06336259658760837
0.14939904671022156
-0.03139265093785011
0.18464380252961146
0.08807898637052188
0.3073745482882669
0.33340726346686456
0.2317739946932655
-0.1250308601487382
0.33840852304774494
-0.25757643803671976
-0.18768498223990004
0.05843410264650598
-0.23318084755462823
-0.20334042976346112
-0.1066531405075197
-0.6164556796838226
-1.0155062837932922
-0.6194856326174231
0.5705079115728916
0.090607174488637
-0.03638759145588358
-0.298523757159041
-0.005065816510031384
0.37727831025034525
-0.13209069863685555
-0.30967408567985033
-0.2977702694589812
0.06042957983326908
0.20833235721820742
0.06885160933944588
0.23326886878233502
0.18144923204431054
0.03339130533593924
-0.3042290880190585
0.07119289970328274
0.10356039369647993
-0.1545674323654248
-0.0436486781772866
0.2641201636612926
-0.35117137162233597
0.04745964202593367
-0.3107677849003033
0.3088883069397012
0.1841655358654045
0.3540302897539669
0.10244016693283553
-0.11453688437912106
0.02547145264556731
-0.03050596687890318
-0.23721652831316128
-0.09110695163956921
0.11253021972693479
-0.1583959728713497
-0.006351169344304221
0.021013492864860078
0.235399765785573
0.06960619739010618
-0.07195185670416927
-0.3394600616483748
-0.22750979288691767
-0.278746026033812
0.3266131082406554
0.5395431665728707
0.6439410724598272
0.0889295322751475
-0.2636193489789081
-0.29296672640410876
-0.24469843355508666
0.2368002078397533
0.2866721391728003
0.2953123435293007
0.43559353860581673
0.004351845118086768
-0.17156523352832048
-0.6136143596732504
-0.14623891870930725
0.45831472939187407
0.10818379631095286
0.1930565390162812
-0.01000006912039585
-0.2620401548447364
-0.04587243573624089
-0.871806485165503
-0.1147510961645323
0.07516754247801982
0.024326857981836772
0.026427723019506365
-0.2806329480619622
0.1073400551636117
0.24509689363358148
-0.24068675077820428
0.37940385161214996
0.10608345887047158
0.4312310895798425
0.07824818933901558
0.030053367914379264
0.004150682556498446
0.3222667051528195
-0.14141336319350015
0.09219140583063884
0.2981171888767308
0.09749944666231605
0.06228623883290196
-0.3203423461476041
0.467466596340646
0.1786788249075619
0.1621911262949299
0.01653409082250014
-0.12728300812211518
-0.2205302404860906
0.020027886373612747
0.34363386869316925
0.009398827368425308
0.5795910658683434
-0.19000604174154923
-0.019129532200329567
0.1618783016246101
-0.09713870709727725
-0.13868560390787102
0.11572539687839949
0.41167692366057773
-0.0827498098455821
0.06999916477015695
0.08811990712199402
-0.06140110790902223
-0.2657173817952565
-0.07180334771612473
-0.02959151652859275
-0.19295661463623198
0.010817133713752156
-0.12172540342711606
-0.1058127161365267
-0.23012653652980478
-0.03160442525994272
-0.09820130028837105
0.09581345719615057
-0.38932775531757124
0.11329708253783813
-2.776033122926962
-2.0718225667750847
1.416015247142294
-1.9239754267947853
-1.522480822567176
-1.590904896002596
-2.6811418843005748
0.7116876945224674
2.2337594593291614
-0.48532718772916816
0.551476621080418
1.7805843362612181
0.5273429953939405
-0.831390380989201
-0.6710883296384849
0.12872999503422386
-0.804168124363533
1.8388872790802198
-1.8230152485615578
0.7714810422855
-0.5090206962113892
-1.2317729574244822
0.6435029276048566
-1.2426390809449683
-2.066073337092977
0.5738419803565394
2.8489121865154945
1.861504415653111
-0.6027310038090987
-0.8490105475443059
-1.7338329280001974
-0.4509752720612608
-1.0481665662939577
-0.5933493714126898
-0.017760636052770642
-0.036984160180128296
-0.7014991763088279
-0.2004463701933405
1.87659795784835
-1.27146286996149
1.2944700055039742
-0.8137568012840111
-0.127490302901444
2.4429315646770973
-0.7755417161715493
-0.5547331850059899
-0.9837162578752259
-0.28982358699300853
-0.328917738512535
-0.3072508587678455
-0.7041679103658411
-0.46828203202877694
2.048850068661492
-0.8566719843341615
1.6866527645137974
-0.797310245807504
1.3602172206862198
-0.6109035855037774
-1.397280488810837
-0.604701858633945
4.118566536872186
-0.046862454241496716
-0.6626821011561317
3.1528451246855096
-1.0027839160702674
1.9203898576442178
-1.406580946641319
-1.0344639780813163
-0.08729136971563298
-0.8934408849132217
-0.7232502648315896
-0.6052362385261199
-1.039691614770651
-0.14997158886124362
-0.33010159080078505
-0.2607494123823335
-0.6039029905960256
-0.5232078490829006
1.3614472059913563
-0.6380904177057817
-0.6055445845809355
1.3245158878800571
2.038236311692275
-0.52872435171217
-1.094442722543301
-0.4752150851176661
3.1156813042557796
-0.004658216232019916
-0.47131706664796114
-0.18072528254898765
-0.7450586303897919
2.338063557717184
-1.0736377647121695
-0.5523649769303026
-0.11721504508008884
-0.5193929007862399
-0.6123646654818599
-0.5530771504877021
-0.7078628429718863
-0.15724605490989033
-0.20032604730864334
-0.316714427358333
-0.8933627587959296
-0.5715991311080029
-2.827936659270881
-2.1417987590519805
0.18137930559722337
-0.41251042861754567
-1.681373941508264
0.5136944532210458
-1.1377894118837524
-0.04079628042437168
0.9185933924879285
1.5679443461300042
0.9475019572384229
2.793209391343352
0.011767523811144383
0.1566828148872531
-2.7600764833673446
-0.3091444550140259
-0.8356520431404768
-0.09160337851821651
-0.5293747725683321
1.4649874058111905
-0.8768963801799025
2.4779995949310027
-1.5960388285971128
-1.4326237648125955
-2.2659423486867847
0.13436856078540343
1.5626177825240244
-0.4820920440812295
-0.33671726888529
-0.47322765142346385
-1.3375418121392875
2.507018172475498
-1.11573132625847
-0.4793659354229523
3.82079864291545
0.1534477367938375
-0.4185734950660793
-0.06932868086879579
1.5512900686757642
-0.9338921654147254
-1.0029870300886154
-0.6240213286645219
0.11073474296389059
-0.4890797869849116
1.6037013133324403
2.141825837010326
1.8612053528371122
0.04850089762205935
-0.1255175062297008
-0.0500872655338408
-0.8639556407445719
-0.38171017887541253
-1.0641969337575745
-0.4811635346740531
-0.5493757942323618
1.3929325637645367
-1.6953556680967379
-0.610262962551072
1.1376900577546591
-0.6761495801270925
2.549787035771856
-0.0888432017443618
-0.5186437307007067
-0.16047006176704756
-0.6071523057847542
3.76310880897531
1.4614350504214682
-0.7280924236663827
-0.18291009581562828
-0.5351319437204357
-1.1109677783896708
-0.6364601808716559
1.874447930829405
-0.22683114850005257
-0.24790933844210764
-0.3206239003077728
-0.9008935461837635
-0.8115766420392304
-1.3664781664062475
-0.765716562295848
2.000790711711841
-0.7347124366787818
-1.621823094011741
-0.5430364516100643
1.0650380705177431
-0.5154313528463295
-0.10023262191681122
0.09131650267602429
-0.6557139477174292
-0.2689395863650564
-0.8612432295332024
-1.3383050823491403
-1.2611982842385017
2.5760309928764458
-0.013097163276954756
-0.9337314015939703
1.9580652751351508
1.9034175656687102
-0.8716559970805
-0.18949563662782123
-0.18315215888994835
-0.20465483317350225
-1.1447276773156752
-0.5691425626835602
-1.2104483872817968
1.6367231846952028
1.7889424861381211
2.0233446018185735
-1.6786635793692164
2.9432616225100294
0.9899693974707973
1.9894758011304352
2.8707937857178516
0.17195853819842705
2.8747679001561326
4.732431975326123
0.8613931199285632
2.6320689532943624
1.0626432852822456
-0.7694652588054388
0.017197635851357668
3.547293033921703
-0.6797326652714759
3.9060255323648922
1.8676669404258377
3.0450840965505623
-0.35634601724442166
2.9065657892990555
-1.3619893512864638
2.779296419059364
-0.2875012745197098
-0.22788142904873807
-0.0016220939805630123
-0.35011288746498903
1.6754519541252464
-0.035902898997363514
-0.45015780874917705
0.04368967841734682
0.16065311018495115
0.3312560109709764
-0.057009163769131156
0.03380765958747912
-0.18455719965603867
-0.39340205257221134
2.5122602892960186
-0.3339348552988459
0.25138582709355817
-0.03995230039966429
-0.12860910030584324
-0.11939119644600794
0.011642703362216008
0.18317474936088748
0.16126252933373308
0.18410800184192852
-0.2619752989566669
-0.03374352355542474
0.9923781900441494
-0.8978828337361675
2.0959635974442823
-0.8550561347939468
0.4116994948049449
-0.530641707315173
-1.2415371150555037
-0.5450056578559691
-0.21794223965905735
-0.04611839224837197
-0.7896309444073037
-0.2902727573850825
-0.969720491816149
-1.3982316383777336
1.0279205879109639
-0.9864344213596608
-0.10857709815451312
1.8368402452541504
-0.9077457332467764
-0.6884038824648896
-0.9819946832234916
-0.40049514160420385
-0.4467706515410802
-0.32978626238823394
-1.0890343973694727
-0.6568991221767252
3.4631601004213373
3.174366705401393
2.5289672401481353
-0.6287850948622838
0.4997587319412889
-0.29914128641430926
0.8740764623679094
-0.2955580574993978
4.035250552717659
-0.026232115161192192
-0.5193874882393761
3.8474931053817167
-0.39940098508482746
-0.740335983710573
1.7327431003182174
1.6473590063495547
0.03487073544025189
-0.5297420556782857
2.0167605505318797
-0.48454039858832604
3.1655052933453867
-0.17699100345323365
2.687977850618783
-0.3711625120237565
2.038493363191784
2.3979134021861377
-1.660003166561732
-0.8222954823800822
-0.98624573566567
-0.866419670005144
0.33506525175513574
-0.658012124646066
-1.6392873255675722
-0.9479017142990995
-0.4500733273142995
-0.05988679170285692
-0.9125398467004516
-0.559365451467224
0.7605951514462275
-1.588183141433403
1.527335560851568
-1.1352068760536902
-0.34874979186849275
1.7944630691634809
-0.9652164560741886
-0.8774458365920899
0.8686426833372811
-0.46984451541192196
-0.914923767303476
-0.6065308729826313
0.8692554863937143
-0.797720229919461
0.98021936972525
-1.748681684951521
-1.7872096453288666
-1.7756234626137666
0.3643947454678876
-1.42583136167677
-2.3807396974960824
-1.691300156576719
3.867061783023876
-0.6218385388040909
0.41235826547977095
1.3801462225080696
-2.0068361920016926
-0.07029563593226543
1.3205181941430657
-2.1294259028822804
-0.7456199632317428
0.41284925209047124
-1.7139534019695324
-1.6195203818671353
1.1760689760333156
-0.9972233805460946
-1.2597339928445617
-1.1734578914387213
-1.9227238685149792
-1.5188819393567188
-2.2374552779432855
0.5410496296128325
1.5396576756196874
0.34099226648758946
-1.13785828391343
1.357885053295235
-0.4216139382798106
0.4522082696645005
2.3427616497451775
-0.35124462946686696
-1.4518031742900075
2.2771411549352627
-1.763509892048149
0.3976030797177096
-0.5867111432534085
0.27873462128297666
-0.8455108857877796
1.9075339859463123
-1.5321602995684256
-1.34140692573482
-1.7529648750388411
-0.9508272273594249
1.1662721719196216
-0.9225299473715199
-1.8422590186404977
-1.1430093267219692
0.6954844604119874
-0.9005648893311973
-0.7731162008436213
-1.119715754011974
-1.8326418072845125
-0.9135493859009169
-1.4503031804059998
-0.7909713239840082
-0.49893120293330206
-0.17087840654418815
-0.7920919433747553
-0.3405622223032796
2.581887881683982
-1.5591716250482612
0.43305962170533296
0.7763142970303113
-0.4332232629289349
-1.0625955646134555
-1.1811072866535894
-0.7539578656804738
-1.0490909002463775
-0.4660770938307409
-0.606398158790823
2.291416700024972
-1.3762124019514135
-0.846381443893378
-0.9064817494078464
-0.38425015688019853
-0.2891527401242232
-0.61044813289386
0.5634120047478793
-0.24524976252543548
-0.9392081811913839
-0.15423877723278862
0.2379505973383808
0.23219739059188785
-0.2783808246212472
-0.1967442458229791
-0.41489382855261586
1.7799078435972246
-0.6721160128700258
-0.5627523799080831
0.01209769789722448
-0.5260236868176509
2.088958989915908
-0.4806925639947829
-0.4217165094488151
-0.003044105060496769
0.02473344884510619
0.1359984925740888
-0.653395448577572
-0.2736348479752675
1.7379626417246319
1.5165542385209185
-0.9375472148440438
-1.1663502151359892
1.5215738928466498
-0.823064582186314
0.5831736195584752
-0.702073700566335
-0.4983120639474324
-0.12671426498170688
-0.8775258356938352
-0.3963298317782986
-1.358284029863985
-1.546787568272722
2.0457811714024046
1.978611014628008
-0.4724476355055234
1.4462783105538481
-1.1968730234105922
1.5168095775085935
1.5289203012869703
-0.5681553242975791
-0.6356055593678308
-0.6549550339297279
-1.364211943673466
-0.7304976384684326
-0.9907555553629117
-0.5890036045726142
-0.37525130868786694
-0.46705917623922055
2.135777895911291
-0.25060954480499364
-0.8465456736690937
-0.4152933976837634
4.422041476365723
0.027325629736354246
-0.5512854536283469
-0.18688055098185802
-0.5547260431085314
3.0482393114849056
-0.9579135047863496
-0.3946694947163848
0.014192620112988254
-0.5633542373183272
2.3265249587407197
-0.3803931628368529
3.0170440607368585
-0.16412841047920446
-0.23970269043335887
-0.16607816859701224
-0.6463960747240013
-0.34490172810755465
3.343597961809752
-0.7171000088810326
3.2533723340562606
-0.5377286369503365
1.6270355885241055
-0.3304489429899313
-1.150465807705876
2.480280429206818
3.5841090301280794
0.04697184352132089
-0.4325710488147172
-0.10162759952536107
-0.5572503346066925
3.3641292929105715
-0.871791692081694
-0.6542785774589134
0.08890608732109034
2.157501026592502
2.6344103037672344
1.8495884312439028
-0.4875769790956882
-0.1692073341461545
-0.21009474245286794
-0.18855093907554513
-0.8773980810654753
-0.44101203444877485
-1.8879494179081253
0.7686560971699598
-1.4069529012775002
0.14998194047363006
-2.358388295508977
1.1650340752692512
-2.500992220548855
-1.111999550903683
-0.938381706087535
2.4900533082228087
-1.1564386054948383
-0.6941592522210913
-1.5380260173433786
0.4521606770017222
0.9646271189210547
-1.3637556774381068
3.3809709473786556
-1.2219768724459592
-1.5127731458911684
-1.1723606546124996
-1.6602530669564897
1.8130808403867713
-0.9471140251646686
-0.8365308348982864
-1.422321538363646
-1.0702085652734545
-1.1985339771858892
-0.48582323789665655
-0.3494395910511433
-0.6006196572928891
1.0938668508010676
-0.09971729430543358
-0.9642438502619967
-0.1583659121669974
3.216065603424133
0.170921433310745
-0.27459950597284527
-0.20371792811469394
-0.5451855085597976
1.7862714773564212
1.83165840464205
-0.5958707117508076
0.03540284372167998
-0.49818500363127866
-0.555740231016764
-0.42464521379180553
1.5821947825309393
4.079531095377841
-0.051883905171160746
-0.15055162538067277
-0.418856815214497
-0.17665465348093634
-1.2146950264745673
-0.4764743969666015
-0.39023366750662497
-0.4791983722413838
-1.5765411736594916
-0.2707466008394117
-1.084158920804969
-0.25112620980894784
0.15647623200879782
0.20197180692103678
-0.39712151145903857
-0.2526123116443486
-0.7714287655464697
1.4453667309179061
1.9715012227111632
-0.6999043456071059
0.05799310585022044
-0.7039974677739914
-0.602583960525795
-0.4475554922322873
-0.9788128064992134
0.01129946139536996
-0.03278193693836926
-0.0012864052546445043
-0.3916592279466862
-0.24676947690336365
2.322304437678651
-0.3999494639131689
-0.2737085082093752
-0.3610587029365873
2.1067191752672776
0.031971423188226884
-0.7170950478192119
0.029251541866829385
0.31047929526417206
0.33709485244448906
-0.1370193975000574
-0.17175046775149055
-0.2838539329082601
-0.7435364497422549
-0.5240463038330426
-0.4265619317139311
0.2799697631031333
-0.3192153610634543
-0.3209617435159184
-0.2510549848960844
-0.1638426599078798
0.0408866359888828
0.16577375923067744
0.06366300556920534
-0.4595003794574476
-0.07618754224947288
-1.2515810632289723
-0.4844084565605886
-0.409635115835666
-0.8065297582542528
-1.7218019970227025
-0.6044085446073229
-0.9432837352540399
2.6382269523134663
-0.09007711792760768
-0.055878456225628724
-0.4976658892484643
5.509254572908095
-0.5266167861359234
-1.6238834008269678
-0.8822071950487996
-0.6206829197046643
-0.09341918445977422
-0.5040687253872426
-0.9083911258135697
2.673326541728568
-0.589094864665676
-0.31645145509501926
-0.1880717729848399
-0.3195642384799233
-0.949927134767116
-0.7219716889874577
-0.8445359310825883
-0.4854948997951661
-0.302707915102274
-0.46848083533464846
-1.1657601946521394
-0.20559834958832007
-0.7399654307998828
-0.32277985000604936
5.155619019871625
0.14616369022438097
-0.34737021685803127
-0.10784648894888711
-0.6696042331828789
-0.8455227089848061
-0.8181723149639002
-0.4274644869690392
0.09293822352299967
-0.34765710358088464
-0.5323614784346189
-0.298419134179309
2.8398056602038144
-0.05815888214328522
-0.17625215793685342
-0.0866874084126492
-0.6773734783898404
4.035872550424913
