-0.013050939
-0.027315699
-0.052973934
-0.051500648
-0.041214019
-0.024121697
-0.016112643
-0.006370874
-0.01056344
-0.013403623
-0.024249455
-0.016717751
0.000872001
0.014950213
0.002477504
-0.001905096
-0.011523668
0.000912666
0.012177218
0.019819386
0.04383122
0.051865912
0.03139995
0.021027
-0.003122351
0.028001798
0.066003237
0.084873356
0.10358374
0.090209724
0.069012782
0.039795119
0.024373442
0.120401247
0.18548492
0.20666307
0.206824326
0.149125915
0.115013935
0.076245151
0.118545527
0.239795903
0.249613598
0.202269187
0.208415461
0.183768847
0.145837287
0.08627463
0.27121411
0.258158325
0.147085155
0.114911048
0.179236333
0.212745528
0.161861825
0.083222948
0.38185329
0.135720592
0.063389823
0.08605797
0.191717323
0.249917651
0.191402794
0.082363974
0.44505746
0.086908448
0.094193754
0.171791583
0.246239953
0.3049656
0.227630143
0.093529308
0.458311533
0.132935672
0.171642316
0.2142928
0.216017929
0.278164119
0.264138022
0.156212072
0.384064468
0.176403875
0.189461968
0.18623819
0.132966364
0.192747435
0.260382865
0.243643519
0.260645025
0.157326176
0.142600164
0.108646177
0.041840967
0.086101377
0.155365449
0.211810561
0.123499438
0.062042977
0.070810933
0.039787781
-0.020339075
0.014027422
0.065581807
0.118444389
0.065974724
0.032927902
0.021954556
0.001496198
-0.036039136
-0.028223904
0.012374538
0.052240941
0.018935685
0.003942835
-0.009733242
-0.01252037
-0.037417079
-0.045176506
-0.023072322
0.00919977
-0.002235909
-0.014655412
-0.030601986
-0.04034966
-0.058458022
-0.062799821
-0.036775788
-0.007891698
0.045590977
0.035028085
0.016100528
-0.00380976
-0.014118769
-0.017218501
-0.015432904
-0.007260466
0.053679436
0.033416462
0.010470928
-0.006050208
-0.023605275
-0.020753576
-0.024508761
-0.016766003
0.058099824
0.028034039
0.01069458
-0.008041368
-0.018130162
-0.015127918
-0.023884135
-0.025802573
0.056595294
0.025205269
0.014201815
-0.002810808
-0.019424922
-0.013775667
-0.024753669
-0.03170768
0.046329309
0.02746022
0.02090164
0.005270152
-0.013338804
-0.009142751
-0.027289398
-0.031877259
0.04118637
0.026701735
0.020910334
0.006826436
-0.015885991
-0.005649817
-0.02052005
-0.023196719
0.031246349
0.025809529
0.030866788
0.016823553
-0.009081934
0.008279582
-0.011976104
-0.015943329
0.021209177
0.037839509
0.041410693
0.023929339
-0.0071717
0.024173215
0.00827638
-0.001566962
0.00662618
0.053702234
0.058691908
0.032805679
0.012872448
0.043013304
0.039567341
0.028381862
-0.000973065
0.059323677
0.078621325
0.05964712
0.022223385
0.044529366
0.052704545
0.059790641
-0.005799302
0.071101382
0.100547651
0.053640529
-0.001674565
0.024143324
0.051722921
0.08822292
-0.010040922
0.072631289
0.096674737
0.044219389
-0.007478889
0.003749617
0.061290305
0.104838793
-0.008314316
0.061045474
0.072861432
0.026221025
-0.013142314
0.007926336
0.071549691
0.090816138
0.005797615
0.047383666
0.055088708
0.011265327
-0.002119022
0.022189068
0.074855154
0.062718723
0.025938588
0.050629127
0.05066818
0.024970777
0.035691604
0.055367363
0.07223761
0.028651747
0.030429572
0.065736249
0.078003587
0.084389124
0.076158052
0.054494585
0.031467463
0.002390577
-0.003345404
-0.01359516
-0.009854926
-0.010285548
-0.014420307
-0.013785803
-0.013376997
0.001017946
-0.003672427
-0.009823134
-0.006340095
0.00399999
0.010725542
0.019052023
0.00051593
0.010709138
-0.003195671
0.002336617
0.013683861
0.032408744
0.045294907
0.039914782
0.010387608
0.020132801
0.009547275
0.028061526
0.044813701
0.054855181
0.060999826
0.034715199
0.007829285
0.02035494
0.029467412
0.074397297
0.086842656
0.078787482
0.060197363
0.018647076
0.000250092
0.018810127
0.090782633
0.117360401
0.063639312
0.03245017
0.014970182
-0.01987833
-0.025750885
-0.006517314
0.155152682
0.08723832
0.000939946
-0.008987522
-0.024256941
-0.03568684
-0.027431755
-0.022345281
0.198388148
0.026607694
-0.037919392
-0.032024425
-0.040234054
-0.029817876
-0.025492905
-0.023548077
0.217081385
-0.024183839
-0.04073882
-0.030826414
-0.032284535
-0.022394279
-0.03159542
-0.017026488
0.222148289
-0.015935628
-0.017980779
-0.021040297
-0.016340308
-0.008666524
-0.013221217
0.007490946
0.190228226
0.026716034
0.013843477
-0.000584876
0.011662155
0.019685685
0.01663151
0.028725607
0.141085767
0.071140455
0.051736487
0.039246614
0.052388796
0.050547136
0.038191626
0.032006068
0.078606991
0.068046334
0.069520704
0.053888928
0.054368037
0.043227833
0.03078128
0.025742397
0.030775069
0.034907891
0.054442523
0.052228019
0.03826861
0.019706807
0.011057996
0.013945142
0.002839347
0.001680604
0.020818239
0.027415537
0.018129374
0.0075678
0.00795734
0.006115832
-0.007794709
-0.021229097
-0.010107389
0.003473084
0.006456801
0.002616455
0.005812733
0.006341127
-0.011477255
-0.027499694
-0.044794149
-0.03650807
-0.004921543
0.024394304
0.020209524
0.019281055
-0.020796456
-0.028545649
-0.036117665
-0.019947787
-0.000370761
0.023773221
0.023569235
0.025064418
-0.036308663
-0.036085465
-0.03813041
-0.011344839
0.000221121
0.015940549
0.028693202
0.031879577
-0.069046762
-0.050028674
-0.055882922
-0.029358217
-0.009721721
0.018401351
0.031238525
0.027421017
-0.142700814
-0.128008749
-0.164339891
-0.16718454
-0.152996218
-0.12241671
-0.058437715
-0.029780786
-0.239995873
-0.201398898
-0.198670936
-0.190584692
-0.19757899
-0.151204872
-0.061843863
-0.040183219
-0.34618128
-0.220279003
-0.168531134
-0.198127461
-0.246080221
-0.142886644
-0.080316273
-0.07647296
-0.377526136
-0.198052893
-0.15937477
-0.18044417
-0.219311366
-0.079685272
-0.054944591
-0.113702608
-0.333606159
-0.108142812
-0.08608532
-0.152388145
-0.156298593
-0.056645364
-0.014247707
-0.131946453
-0.282334292
-0.122550098
-0.131854568
-0.137786076
-0.116784945
-0.071355308
-0.034784409
-0.150505448
-0.152686692
-0.105520789
-0.13618074
-0.089418804
-0.057399859
-0.047555211
-0.075741287
-0.19092342
-0.034148866
-0.080175753
-0.127448321
-0.112560969
-0.096713609
-0.052139903
-0.079312717
-0.129523553
0.072165651
0.014864221
-0.012441293
0.003579168
-0.001395691
0.051330379
0.033402672
-0.007853099
0.088576499
0.041212379
0.006145946
0.019775283
0.019285298
0.051304481
0.046095122
0.011923224
0.062098404
0.060932539
0.017469236
0.026436162
0.01798314
0.026579282
0.040651151
0.023302229
0.030963612
0.067250488
0.060687637
0.053847157
0.020125653
0.006902272
0.011284813
0.017333464
-0.001916832
0.003654039
0.001765424
0.013012061
0.024673292
0.030056074
0.019073226
0.011991077
0.001064456
0.020900724
0.036252212
0.046306607
0.056097446
0.049984775
0.02642595
0.031583943
0.014759553
0.06436811
0.096666207
0.109877319
0.123529962
0.123257175
0.084597596
0.084252644
0.046759846
0.13553552
0.188505983
0.206677487
0.212961423
0.189187417
0.1416463
0.162493596
0.12824184
0.274086694
0.313933108
0.305805538
0.275526282
0.232897337
0.183725676
0.230457579
0.285713481
0.363518353
0.299123165
0.226048743
0.214231294
0.211757132
0.194962421
0.214768701
0.426448673
0.377143066
0.271654939
0.246482276
0.271788924
0.266074201
0.217589411
0.147880941
0.528981932
0.370307405
0.325533707
0.315598791
0.289958585
0.206200022
0.110477576
0.044581892
0.561961881
0.309469798
0.26319734
0.203577101
0.130982016
0.061505919
0.005653468
0.014481136
0.53403322
0.241709261
0.143411022
0.065633157
0.021253262
-0.00172003
0.005630335
0.054258237
0.461080435
0.300392834
0.184020953
0.121681248
0.079911305
0.075792265
0.102423053
0.147414161
0.299483347
0.276992177
0.234170334
0.220943947
0.190352354
0.179950834
0.175202926
0.17145081
0.148520379
0.198885622
0.194196764
0.192429955
0.168465786
0.155824327
0.140891095
0.118553645
0.040571476
0.087449141
0.105442916
0.116254211
0.11129773
0.094475417
0.080655274
0.062927531
0.001738447
0.019049629
0.050350971
0.051263317
0.037237127
0.02806762
0.031974881
0.027885185
-0.003878733
-0.009696009
0.002796486
0.013343869
0.014875139
0.011849161
0.023934869
0.018671614
-0.024868635
-0.004171326
0.009466246
0.024096564
0.03942361
0.045170132
0.041306219
0.017431711
-0.037197284
-0.001631587
0.017867994
0.026010992
0.025813371
0.028559098
0.039665294
0.034439564
-0.054591671
-0.005880886
0.017940157
0.026255983
0.012933056
0.002130789
0.018149415
0.022856106
-0.064719767
-0.001180125
0.018686508
0.01414003
-0.017746967
-0.027307481
-0.018073648
-0.010000535
-0.086801135
-0.008165196
0.004602747
-0.012941046
-0.026876049
-0.021293764
-0.023365669
-0.030781042
-0.099748597
-0.022714759
-0.032155401
-0.034593701
-0.0375274
-0.036004811
-0.034964433
-0.045509924
-0.125529665
-0.064019823
-0.044857701
-0.014795696
-0.029436265
-0.038746752
-0.038098004
-0.051392986
-0.11633306
-0.055228711
-0.028063831
-0.009699546
-0.021926372
-0.019391368
-0.032034285
-0.050974092
-0.098305531
-0.0603215
-0.020915631
-0.011061854
-0.028412941
-0.031255782
-0.0456273
-0.053287465
-0.088966175
-0.072207684
-0.007504027
0.009386021
-0.011823917
-0.024955602
-0.059190186
-0.07304215
-0.083316031
-0.088866848
-0.017657351
0.000590317
-0.019249967
-0.018218373
-0.043380238
-0.079425593
-0.061628204
-0.071679325
-0.017688453
0.013990658
-0.010887725
-0.012751975
-0.024990945
-0.063410574
-0.046644877
-0.046399266
-0.022992405
0.005522164
-0.019003481
-0.026078637
-0.038992407
-0.065234434
-0.028460042
-0.023079887
-0.009967315
0.020900457
-0.001090958
-0.01536931
-0.029266244
-0.049793146
-0.016619806
-0.013297831
-0.004842807
0.017668449
0.002478961
-0.004526291
-0.019757243
-0.032561362
-0.010914582
-0.008493672
0.00052372
0.01261635
0.008190697
0.000624148
-0.00592986
-0.018122454
0.007475063
0.038429395
0.097697628
0.143709477
0.155123617
0.13291666
0.093391072
0.033326357
0.03226994
0.081106937
0.120239503
0.105822194
0.103575558
0.113297022
0.10408972
0.052569763
0.056348241
0.110202617
0.129213772
0.09987753
0.112489191
0.141130218
0.117150322
0.059615138
0.07786297
0.110403778
0.119650765
0.110406364
0.126063244
0.161269101
0.125183098
0.060946274
0.074047285
0.086160269
0.095309432
0.090876243
0.111537996
0.157802777
0.116513242
0.054565285
0.039419755
0.041509654
0.065775649
0.083066298
0.099778886
0.142243367
0.145099286
0.059987337
-0.004276798
0.017218803
0.054023072
0.058957722
0.061427307
0.111140682
0.146636256
0.07474719
-0.044252674
-0.006806845
0.019025666
0.02053711
0.030293287
0.083806059
0.142443178
0.086187542
-0.049107758
-0.000902056
0.014224625
0.008228543
0.025059461
0.071413375
0.131455992
0.103644815
-0.040705493
0.001353439
0.013648442
0.01022752
0.016470252
0.054729333
0.112732348
0.113298152
-0.018207116
-0.008393761
0.008463301
0.003009364
0.016753632
0.047217087
0.09589138
0.11299267
0.022678918
0.013464914
-0.006832885
-0.023148207
-0.000290062
0.03054103
0.082117879
0.117701546
0.052419191
0.048829416
0.031086344
0.012650841
0.036338548
0.055292839
0.107495361
0.129434106
0.069425151
0.075196932
0.047759927
0.035653454
0.069192908
0.08295822
0.124976524
0.105617333
0.055122609
0.096099404
0.084827696
0.070100315
0.087316381
0.094633572
0.109455888
0.06505123
0.043969757
0.108612393
0.151962133
0.163227136
0.154245452
0.122556221
0.083035389
0.028867585
0.02497138
0.013749238
-0.00520968
-0.020711778
-0.015857051
-0.01610178
-0.006661218
-0.001351414
0.036807904
0.013948682
-0.000796101
-0.016329529
-0.012997099
-0.016423514
-0.008072249
-0.00569489
0.043412012
0.010808518
-0.00580289
-0.01840217
-0.020697517
-0.024073292
-0.011962691
-0.01044861
0.044516612
0.011258139
-0.003182023
-0.021651423
-0.0283328
-0.02580284
-0.021629729
-0.013668576
0.041708557
0.013949277
-0.005583239
-0.037746582
-0.052899345
-0.040380485
-0.036271747
-0.021627445
0.027684161
0.009030021
-0.016963016
-0.041463021
-0.052315525
-0.038939312
-0.031784253
-0.026862891
0.019123113
0.004361715
-0.019864254
-0.024633192
-0.032200781
-0.02106144
-0.022981733
-0.032231099
0.004981475
0.006392293
-0.002285277
-0.006833383
-0.011980708
0.001086389
-0.004041665
-0.033375615
0.000378618
0.020092635
0.024012021
0.015173876
0.011552406
0.012518624
0.009572947
-0.030996078
-0.004064303
0.020024039
0.036286446
0.017896921
0.016839217
0.016773982
0.012670741
-0.028045067
-0.001084382
0.034847328
0.04693295
0.009976587
0.010945716
0.006190152
0.023138552
-0.011276357
0.001092171
0.042143845
0.033135937
-0.007424396
-0.003005623
-0.005747112
0.033379608
0.012460537
0.010236215
0.048069932
0.031874079
-0.002996269
-0.006993187
-0.006275257
0.032263789
0.029475264
0.01478239
0.042328646
0.022371514
-0.019110995
-0.022185857
-0.006178759
0.025352676
0.037839345
0.013128929
0.033053719
0.011975971
-0.021329728
-0.021734056
-0.000131166
0.022298186
0.03564019
0.006883248
0.013070561
-0.007104056
-0.026284036
-0.025249633
-0.002736684
0.019322825
0.02962367
0.017563265
0.074854245
0.204625039
0.279498879
0.263990204
0.135172435
0.042492249
0.007771108
0.003604541
0.016461048
0.0765768
0.113290498
0.129136645
0.055573416
0.016789251
-0.001226097
-0.01325852
-0.011213461
0.018566585
0.041061094
0.065269071
0.017088
-0.003725906
-0.010805413
-0.037110372
-0.039683921
-0.019298567
-0.009649289
0.014198802
-0.014913757
-0.021093663
-0.018913739
-0.070153162
-0.055142202
-0.032092616
-0.011258551
0.003102673
-0.034139251
-0.041219169
-0.037678795
-0.099075784
-0.063526342
-0.031779692
0.024885032
0.049652132
-0.009657661
-0.026197426
-0.044200231
-0.125488342
-0.068980029
-0.010696208
0.071363253
0.091824572
0.002159048
-0.023746309
-0.048197805
-0.145464649
-0.060088177
-0.009386546
0.096763526
0.150605372
0.02399775
-0.021843878
-0.045892995
-0.151718768
-0.064783121
0.023123218
0.169672323
0.207877496
0.029352353
-0.021641091
-0.04844695
-0.144207463
-0.048985988
0.059695404
0.209936215
0.245611854
0.046197111
-0.025096339
-0.060051125
-0.12680056
-0.037685173
0.060410493
0.224379713
0.254840982
0.060754209
-0.030797667
-0.075490665
-0.092501191
-0.018207326
0.065360271
0.21044008
0.21856646
0.03743451
-0.054249789
-0.076346378
-0.063742406
-0.02667312
0.056308813
0.180607768
0.207586091
0.064520119
-0.004049297
-0.0300617
-0.020950735
0.013045632
0.092560611
0.188036663
0.232132442
0.114034993
0.026064923
-0.004111501
-0.004486939
0.027220373
0.098948706
0.174793516
0.233885829
0.140251284
0.050683031
0.005853964
0.004769553
0.032435839
0.102219086
0.16750869
0.249575079
0.180314536
0.068726038
0.017644862
-0.000108905
-0.000558384
0.001559427
-0.002471623
-0.009782999
-0.004639836
-0.004783778
-0.004171091
-0.001261388
-0.003552074
-0.005492416
-0.009714299
-0.014554982
-0.006247952
-0.005413654
-0.00533959
-0.003640198
-0.007190921
-0.007879524
-0.013733276
-0.016959704
-0.011661081
-0.009838559
-0.009918335
-0.006859621
-0.013431928
-0.013683615
-0.019872868
-0.019971806
-0.010768144
-0.005701435
-0.008678271
-0.02610325
-0.02913364
-0.023671645
-0.030275283
-0.033231067
-0.022231734
-0.012727822
-0.016082073
-0.050528754
-0.034101465
-0.028258607
-0.043769052
-0.041052908
-0.025251067
-0.017686104
-0.023987117
-0.065066878
-0.037485847
-0.034066079
-0.045439661
-0.040635066
-0.014536193
-0.01290945
-0.0295953
-0.077354831
-0.049540645
-0.045253101
-0.064676403
-0.04485775
-0.014238105
-0.013874688
-0.029665026
-0.077780847
-0.059043554
-0.055001289
-0.060491897
-0.030369381
-0.012560264
-0.021522113
-0.033186139
-0.067045013
-0.065255358
-0.055629487
-0.051485718
-0.037497333
-0.026191735
-0.034494177
-0.04212516
-0.043607986
-0.043237042
-0.04407858
-0.050016866
-0.036406335
-0.023894125
-0.026442035
-0.037085404
-0.027829993
-0.026176732
-0.026294632
-0.036794005
-0.026309491
-0.006906797
-0.009182273
-0.021879629
-0.017140577
-0.009185046
-0.010997841
-0.022566127
-0.01929152
0.000233899
-0.001176153
-0.004140467
-0.012332417
-0.005207551
-0.007087172
-0.015645665
-0.01933388
0.001869463
0.004694626
0.002152908
-0.006840631
7.05E-05
0.001472284
-0.00412505
-0.010637789
0.007181677
0.008843201
0.002978202
-0.004495473
-0.00181651
0.003404471
0.0065785
0.001051169
0.009450556
0.005516575
-0.000290181
0.023809318
0.016011708
-0.001618746
-0.018136768
-0.016596182
-0.006481096
-0.003057526
-0.003033427
0.032127012
0.01772079
5.66E-05
-0.014926238
-0.013310936
-0.004328652
-0.001571972
-0.001868819
0.046084522
0.025463652
0.004338481
-0.014433914
-0.013586181
-0.003772594
-0.002304752
-0.002721875
0.053477496
0.026938747
-0.002553083
-0.020451252
-0.007963675
0.007024198
-0.001709676
-0.006714915
0.055112031
0.018641658
-0.007874438
-0.017483752
0.001007681
0.007676226
-0.003515894
-0.005453141
0.048241828
0.017369463
0.005521771
-0.005083912
0.010526167
0.01353628
0.00539299
-0.002059105
0.039438379
0.027488778
0.023491038
0.012530352
0.025792372
0.027939996
0.014021251
-0.000628285
0.033266215
0.045070489
0.043279082
0.018552966
0.025115911
0.023218447
0.012674837
-0.002379385
0.033621416
0.066185617
0.060551609
0.029911222
0.026697271
0.02183633
0.007815068
-0.007865118
0.036796071
0.071075399
0.060235717
0.027441927
0.021485042
0.018026058
0.005286394
-0.010025293
0.041686137
0.068308068
0.059614058
0.027958988
0.024539218
0.022838618
0.008491992
-0.005655287
0.040204414
0.059284936
0.052582049
0.026608566
0.026081258
0.028316856
0.017778302
0.002782664
0.044200452
0.048157515
0.034836903
0.014974091
0.021521425
0.033710107
0.03396839
0.020387783
0.039499067
0.04237432
0.022079048
-0.003028207
0.005463865
0.024180961
0.032351269
0.025545502
0.033532896
0.029534371
0.011746815
-0.009093902
-0.003370663
0.013590943
0.028420734
0.02524631
0.021360184
0.023925154
0.00672627
-0.011505518
-0.014214339
-0.002347728
0.015747797
0.021516261
-0.001945311
0.006910534
0.055709668
0.100896867
0.073464801
0.024312388
0.002575935
-0.009254079
-0.011029693
0.00064261
0.054497125
0.114843225
0.09195674
0.014210549
-0.011242313
-0.022219452
-0.034061447
-0.016727508
0.025839092
0.097107492
0.085923902
-0.020872344
-0.046793536
-0.055210295
-0.055771274
-0.030709694
-0.023798681
0.074441304
0.05061419
-0.090387118
-0.105582475
-0.123600461
-0.101438669
-0.100896979
-0.13817691
-0.02241814
-0.054168116
-0.200808617
-0.168476939
-0.198616253
-0.187186342
-0.187790853
-0.142648752
0.025887712
0.014258715
-0.174717512
-0.166949262
-0.22322721
-0.276115729
-0.191886038
-0.104522118
0.049395988
0.048691118
-0.156184174
-0.187815215
-0.239508307
-0.29719548
-0.151869765
-0.10037231
0.069846613
0.061614762
-0.122331879
-0.174965024
-0.214484404
-0.333232754
-0.171432717
-0.111334589
0.078251308
0.068255425
-0.103802237
-0.189346256
-0.219455605
-0.324462803
-0.1042957
-0.047496976
0.106337241
0.096578186
-0.086337393
-0.225376916
-0.205066411
-0.302108624
-0.101116499
-0.0713866
0.075101849
0.05599697
-0.123137813
-0.245215375
-0.166644997
-0.254162329
-0.140299813
-0.092209645
0.02208891
-0.001896417
-0.133127365
-0.196127192
-0.122199414
-0.131779105
-0.075971365
-0.033069595
0.024932607
0.025052478
-0.075255811
-0.114327291
-0.074932758
-0.059460471
-0.054962351
-0.001929521
0.060924214
0.082975801
-0.004838702
-0.051298658
-0.030082376
-0.006716533
-0.004016205
0.040548403
0.092441213
0.11644066
0.016455324
-0.021887352
-0.012727715
-0.002128193
0.004290665
0.038032182
0.077137846
0.137025608
0.06637304
0.017381141
-0.001268455
-0.009654988
-0.009547564
-0.024114722
-0.034138339
-0.054800731
-0.046761653
-0.046173431
-0.033933797
-0.016053172
-0.015734133
-0.034164497
-0.032981958
-0.052550956
-0.039014288
-0.040935224
-0.039032298
-0.023143423
-0.019717
-0.036419287
-0.031841138
-0.064702241
-0.047267924
-0.041460897
-0.038396673
-0.026650497
-0.021548905
-0.038042268
-0.048021955
-0.072157633
-0.037582166
-0.028981
-0.032396087
-0.009988491
-0.020892386
-0.055854195
-0.069317935
-0.056631359
-0.016610817
-0.004702474
-0.012245646
0.032718912
-0.012014224
0.001180872
0.015507525
0.0033084
0.035943097
0.038420857
0.020480234
0.085002934
0.035682719
0.084428854
0.085872435
0.071316199
0.101878832
0.082998068
0.072869967
0.074041379
0.065562407
0.062127914
0.097559564
0.104257933
0.067433758
0.055948181
0.118721312
0.068809824
0.074473962
0.022649639
0.089864624
0.083411215
0.01365484
0.019237962
0.142841982
0.046771884
0.032270897
-0.018273226
0.031234721
0.026044489
-0.034130777
-0.029558682
0.126709068
-0.0030664
-0.034223594
-0.049858949
-0.027684252
-0.042015848
-0.067891173
-0.044285508
0.065284047
-0.04826358
-0.053571003
-0.059323373
-0.066888482
-0.068578415
-0.069858625
-0.040912377
0.005910698
-0.06838785
-0.048301445
-0.038814638
-0.047539976
-0.052911469
-0.048818512
-0.032251927
-0.017304736
-0.066966394
-0.05125599
-0.03006643
-0.039083569
-0.048783575
-0.030306273
-0.020065949
-0.016161364
-0.048833367
-0.043711366
-0.030905004
-0.041174764
-0.041722869
-0.020297856
-0.014372773
-0.011256513
-0.027918164
-0.042420291
-0.041720853
-0.040392059
-0.03830702
-0.023683859
-0.015120501
-0.009639713
-0.042363616
-0.08247284
-0.145481809
-0.169938194
-0.181101486
-0.173222857
-0.091681265
-0.045199884
-0.070785555
-0.105332904
-0.152456916
-0.131395277
-0.149366381
-0.167635883
-0.086760875
-0.064503686
-0.096745781
-0.166494613
-0.16745946
-0.088290697
-0.111114688
-0.129442675
-0.082991842
-0.082433958
-0.150078302
-0.214372025
-0.174419414
-0.116346988
-0.15262959
-0.169824169
-0.120323914
-0.104168366
-0.158120076
-0.220126859
-0.162496809
-0.043628937
-0.064374828
-0.127044676
-0.120157646
-0.13470201
-0.151999932
-0.248754329
-0.153911951
-0.067831865
-0.074144971
-0.10385224
-0.177735389
-0.157649007
-0.12942846
-0.204153283
-0.035463208
-0.054077663
-0.10008864
-0.214056633
-0.153399427
-0.109377674
-0.101969449
-0.051860795
0.040026009
-0.166500181
-0.262815625
-0.295329646
-0.081810024
-0.049645449
-0.094553738
0.006046719
-0.063847562
-0.316908877
-0.388889462
-0.278350265
-0.1102482
-0.039623249
-0.089098948
-0.07226545
-0.203333853
-0.347302638
-0.321876007
-0.164573338
-0.157193487
-0.060179383
-0.097000645
-0.219898226
-0.324302015
-0.312163051
-0.25928697
-0.20680184
-0.235235291
-0.092986435
0.003650589
-0.199402843
-0.328326793
-0.239235157
-0.18217286
-0.133694352
-0.15960933
-0.042494427
-0.008552967
-0.173273927
-0.276776232
-0.188793515
-0.154955966
-0.153245957
-0.193000584
-0.115008343
-0.03669646
-0.158118504
-0.217835342
-0.150827344
-0.131946581
-0.138828495
-0.14481973
-0.093647248
-0.046404962
-0.148088644
-0.182078083
-0.131326271
-0.152372121
-0.17367655
-0.141278225
-0.076431223
-0.040807709
-0.124580036
-0.206651211
-0.207191042
-0.22035134
-0.191191425
-0.113781478
-0.040000448
0.002735928
0.005057835
0.004900894
0.008403138
0.001523537
-0.013070218
-0.002741283
-0.000810155
0.004793566
0.015515828
0.039795445
0.050999341
0.04563501
0.025867157
0.018259297
0.00653566
0.023506215
0.060345525
0.095366916
0.114061926
0.120170362
0.107030782
0.070765258
0.037009634
0.06084843
0.126119012
0.166883372
0.169385895
0.18001532
0.173483238
0.148182661
0.105848334
0.124961432
0.215327431
0.233625319
0.207706889
0.194943457
0.205696896
0.222933601
0.236076448
0.216036044
0.260352898
0.185492173
0.123667622
0.085631372
0.123127772
0.204366524
0.364384331
0.322672933
0.225140662
0.077268966
0.021578662
-0.015610284
0.020983953
0.12893793
0.459826159
0.411145398
0.117181038
-0.005637515
-0.03593654
-0.034155413
-0.008316634
0.046159892
0.492522229
0.454515881
0.052803395
-0.02336085
-0.042256133
-0.019075193
-0.003733048
0.066199077
0.491468069
0.463765159
0.039461117
-0.02903787
-0.030264028
0.001166609
0.04355764
0.166692776
0.434450039
0.442845062
0.097654059
0.022844048
0.025611053
0.069983937
0.154170983
0.259012939
0.312842722
0.355285109
0.161762116
0.108198648
0.12996488
0.180680198
0.236744952
0.243027512
0.162612641
0.225072836
0.168050408
0.143111479
0.159603108
0.186094548
0.186902613
0.148282237
0.062110725
0.106724107
0.110646827
0.108941016
0.124708555
0.123149971
0.10694732
0.065154155
0.012590715
0.035076731
0.046199588
0.039585073
0.055740912
0.063476548
0.054986974
0.020229096
0.000218261
0.005483313
0.021263444
0.022374115
0.03557878
0.031647765
0.014565416
8.20E-05
-0.005203732
0.006442651
0.035359222
0.074131328
0.076129306
0.090140754
0.102364577
0.053313714
0.007949627
0.02526509
0.050300027
0.074320445
0.028143362
0.02519537
0.075610782
0.084302018
0.030735193
0.037930727
0.053293951
0.066284755
0.004186574
0.001576101
0.03777199
0.081636599
0.052384275
0.034029366
0.050802089
0.054962678
-0.020014678
-0.022935932
0.009865502
0.064881993
0.057037975
0.010328042
0.034947419
0.043250131
-0.034321609
-0.035671556
0.00890681
0.052717408
0.050449835
-0.015528665
0.034959155
0.050085184
-0.003967622
-0.006695795
0.035714043
0.041471493
0.034068187
-0.017337688
0.048713374
0.062099839
0.018543352
-0.003192595
0.041192651
0.024509459
0.003897544
-0.027304559
0.042560445
0.06586686
0.023511846
-0.005920806
0.020632865
0.001814103
-0.02367357
-0.02936372
0.045276537
0.058358119
0.013283046
-0.026009393
-0.009163946
-0.024766531
-0.047129736
-0.032955484
0.044365894
0.06188589
0.010670859
-0.033283093
-0.025594086
-0.035652958
-0.05169304
-0.023650207
0.033078692
0.046350817
-0.011001705
-0.057967708
-0.036322064
-0.048622674
-0.053903657
-0.009831445
0.033408414
0.049548985
-0.016465415
-0.067586926
-0.048855384
-0.059616307
-0.049314386
-0.002858097
0.016450381
0.025728028
-0.030158489
-0.051544103
-0.037643268
-0.043869481
-0.026843278
0.018704355
0.031025742
0.032366107
-0.0207837
-0.036458581
-0.031147736
-0.032393758
-0.019667547
0.022730716
0.025188262
0.033621741
-0.012613349
-0.036998836
-0.015644934
-0.027555299
-0.015990646
0.019118773
0.019632122
0.036344159
0.001088038
-0.035162331
-0.021325906
-0.02462566
-0.009491698
-0.006981343
-0.007458107
-0.015150144
-0.038302576
-0.04257014
-0.049725023
-0.038669801
-0.017487022
-0.012437856
-0.011152977
-0.01842354
-0.035404019
-0.037781432
-0.049333959
-0.055138299
-0.040164503
-0.012544474
-0.025536979
-0.063446436
-0.080985819
-0.056962871
-0.058414223
-0.066144028
-0.070332087
-0.030869441
-0.057889196
-0.095935593
-0.118990024
-0.097649343
-0.112343578
-0.112334684
-0.091941668
-0.047833236
-0.074860813
-0.093866744
-0.096313891
-0.078232375
-0.093853479
-0.100019768
-0.103825329
-0.080517665
-0.099055866
-0.10160566
-0.085893018
-0.10066221
-0.089634053
-0.081202928
-0.104854163
-0.117827609
-0.110527924
-0.118450606
-0.12270105
-0.1232082
-0.074730466
-0.066011153
-0.093107297
-0.14637021
-0.119178163
-0.138738867
-0.12771721
-0.08544615
-0.049847058
-0.042183753
-0.078056338
-0.177686356
-0.141288918
-0.142488679
-0.114128756
-0.052657969
-0.037283596
-0.031852264
-0.079984552
-0.195506461
-0.137133606
-0.116682215
-0.080747549
-0.028357684
-0.01778694
-0.021112294
-0.079066407
-0.205783372
-0.131750926
-0.08191221
-0.087951718
-0.036529062
-0.020564026
-0.027344764
-0.079242156
-0.190990315
-0.147980364
-0.110087631
-0.116643705
-0.070020856
-0.042258755
-0.049841766
-0.088953098
-0.142754258
-0.133093183
-0.150468272
-0.147437119
-0.092220989
-0.062216037
-0.087198358
-0.071870241
-0.095978002
-0.073926474
-0.110317203
-0.129317716
-0.096592884
-0.080657057
-0.067378736
-0.032529534
-0.058379089
-0.059397645
-0.078900431
-0.079232171
-0.028477524
-0.017723099
-0.009288955
-0.007907254
-0.027329302
-0.039776035
-0.050521518
-0.059294645
-0.02072213
-0.005703685
0.001737917
-0.00463885
0.002383538
-0.015565787
-0.034631099
-0.007788039
0.008708724
0.01835808
0.029180354
0.032174127
0.005060484
-0.010435759
-0.034970196
-0.009213832
0.008243131
0.010743384
0.003364494
0.015029825
0.015597069
-0.005178505
-0.040205471
-0.026809919
-0.014614211
-0.010275992
-0.002148236
0.028388855
0.041820007
0.024984862
-0.016864005
-0.004697837
0.013172885
0.016681199
0.005804481
0.035049333
0.094196287
0.045244073
0.008886566
0.029497937
0.043261182
0.047247648
0.022447363
0.034524133
0.126379825
0.068482232
0.039846561
0.029942511
0.02694012
0.007627818
-0.021521938
-0.00790888
0.129195639
0.072227504
0.036787631
0.001449012
-0.010865001
-0.031781324
-0.076281587
-0.051540958
0.104623241
0.085889344
0.047810084
-0.016535901
-0.03456282
-0.060626721
-0.081170218
-0.066691318
0.095619008
0.136936984
0.092530696
-0.011706294
-0.04026526
-0.053253626
-0.059606897
-0.069844681
0.077053586
0.138767029
0.087607943
-0.01074703
-0.040471131
-0.05456112
-0.052970772
-0.074920279
0.075952926
0.125232636
0.069635982
-0.004905265
-0.025831637
-0.038242601
-0.045361994
-0.076767667
0.058589785
0.099777616
0.057901154
0.002542434
-0.030895767
-0.036277379
-0.039283321
-0.081699865
0.041619764
0.05660746
0.018543875
-0.011690915
-0.039879889
-0.053576807
-0.052405057
-0.081820554
0.011318702
0.007287154
-0.003326656
-0.01294352
-0.038908456
-0.046930933
-0.053304899
-0.064514415
0.009319075
-0.006250467
-0.02384772
-0.035708461
-0.06067544
-0.06521199
-0.062050574
-0.037513968
0.003116292
-0.004931838
-0.027728096
-0.044748501
-0.062751312
-0.063732384
-0.041251776
-0.014043548
-0.003878832
0.001426635
-0.00239617
-0.019880142
-1.68E-05
0.011746762
0.006800919
0.002823803
-0.00476021
0.000272809
0.004688017
-0.014338026
-0.003813237
0.006967957
0.00042677
-0.003628794
-0.004681921
0.011805738
0.022954236
-0.022614975
-0.019094812
-0.016774988
-0.023988727
-0.021895725
0.003982195
0.016782606
0.004790761
-0.055329206
-0.016621301
0.00036259
-0.01967655
-0.037386628
0.008825765
-0.004071646
-0.036407039
-0.071000703
-0.035610238
-0.02159662
-0.043057279
-0.05713807
-0.031662102
-0.047793057
-0.034840127
-0.065092589
-0.052630234
-0.027362106
-0.036855043
-0.07183953
-0.086489132
-0.045656333
0.018562939
-0.030015958
-0.019899344
-0.015019607
-0.029188158
-0.074777239
-0.154225417
-0.043680692
0.034719191
0.014925637
0.011487154
0.008612628
-0.012761456
-0.063940266
-0.192989016
-0.059403816
-0.016626356
-0.021419527
0.030869049
0.051823071
0.036711683
-0.012532076
-0.197642354
-0.077522501
-0.048897701
-0.057278378
-0.009697554
0.03040043
0.0366837
0.026921901
-0.178215636
-0.078971523
-0.045493085
-0.070942796
-0.039175607
0.007377586
0.018501078
0.039810519
-0.127219753
-0.083883311
-0.040450249
-0.053503533
-0.031859846
0.004081628
0.008598755
0.025995845
-0.049011023
-0.044121387
-0.008951704
-0.038815378
-0.054350728
-0.011942307
0.010873399
0.026494395
-0.01392869
-0.021820438
-0.006889874
-0.035874131
-0.046515645
0.01815805
0.020850797
0.009929338
0.002514241
0.004949845
0.001307419
-0.017792986
-0.026549606
0.01625156
0.010005595
0.005413864
0.013130207
0.017545822
0.014451497
-0.004456718
-0.026181016
0.003100475
0.003664202
-0.001187861
-0.008145458
-0.004235085
-0.000487949
0.010780408
0.006557167
0.001019158
0.005971057
0.00658267
-0.01257905
-0.008493732
0.009538844
0.027172139
0.021224277
0.006481888
-3.41E-05
-0.003614718
-0.016464517
-0.010558329
0.012322423
0.033053553
0.023790398
0.009899484
-0.002855587
-0.012863816
-0.022073993
-0.007865475
0.018737024
0.037928407
0.024874969
0.018098597
0.001196754
-0.014641377
-0.024892306
-0.005013643
0.016499075
0.04697339
0.039884499
0.035805802
0.003564302
-0.010447209
-0.013032004
0.006450638
0.023182136
0.074454592
0.079620892
0.038859513
0.0056112
0.00603467
0.007736824
0.021240985
0.035620785
0.08438851
0.094706432
0.063570998
0.018293328
0.018790267
0.011944125
0.014128376
0.032753963
0.074632747
0.089416099
0.056805929
0.005921628
0.011742544
0.013613342
0.031480879
0.036871974
0.082103263
0.102748676
0.065124583
0.013571633
0.002822154
-0.013990266
0.000810865
0.011991006
0.064784072
0.086463906
0.027922352
-0.017134625
-0.030137362
-0.033783913
-0.039971543
-0.015509868
0.046447249
0.076017949
0.020940608
-0.015585186
-0.046625195
-0.035395103
-0.052395809
-0.013360321
0.04057702
0.071631284
0.009713316
-0.017835092
-0.04673224
-0.037578346
-0.050880972
-0.020510101
0.030848498
0.064539841
0.011786721
-0.007049243
-0.025782415
-0.035943798
-0.036734721
-0.014095999
0.024139227
0.042684571
0.005887393
-0.007138036
-0.008917454
-0.028626653
-0.036333658
-0.016674473
0.008980816
0.026919974
0.007826678
0.002450729
0.001800612
-0.011832546
-0.028394631
-0.024410632
-0.005675699
0.018644014
0.015441792
0.009999173
0.001657195
-0.006177445
-0.015740941
-0.040326877
-0.089464362
-0.085342535
-0.049102856
-0.028182857
-0.013555891
-0.003605728
-0.024627924
-0.055353214
-0.093024115
-0.077454118
-0.057316332
-0.034109943
-0.014715385
0.019345367
-0.027205954
-0.068172679
-0.116569752
-0.097781441
-0.069346877
-0.041022004
0.001137685
0.056873603
-0.05190109
-0.087586663
-0.113864853
-0.073753509
-0.034023739
-0.009709477
0.02785476
0.095444576
-0.101581699
-0.11734756
-0.123018962
-0.077810913
-0.005747829
0.021667061
0.054817684
0.107271961
-0.076699727
-0.051007235
-0.059068591
-0.056027318
0.021213081
0.046567425
0.07341957
0.104855886
-0.039103918
-0.050604898
-0.069010934
-0.070171785
0.02461563
0.064048277
0.081519527
0.103122786
-0.006026404
-0.049508351
-0.063907372
-0.052226692
0.066350095
0.089704664
0.082334594
0.094865252
0.000938456
-0.059226908
-0.044251739
-0.022071771
0.093768306
0.119141316
0.072869513
0.081374164
0.053347084
-0.008737634
-0.009902558
-0.003449986
0.110125051
0.143587447
0.072090421
0.052963791
0.071546483
0.055731885
0.042361804
-0.005299479
0.070329203
0.102573744
0.068460978
0.019445406
0.034800977
0.030219466
-0.014249261
-0.062618818
-0.009480209
0.032576095
0.06086336
-0.00057013
0.004770758
0.00200208
-0.038299213
-0.059808287
0.004575111
0.031122271
0.048123794
-0.015628327
-0.017303585
-0.025034643
-0.045646626
-0.074076978
-0.017580618
-0.007854393
0.001857259
-0.016149838
-0.025775396
-0.040532954
-0.058999015
-0.095846998
-0.035373336
-0.021570385
-0.009160718
-0.010574648
-0.019488155
-0.029456046
-0.052454
-0.082676251
-0.026146666
-0.015178135
-0.00961202
-0.001703392
-0.008169762
-0.019821871
-0.024261875
-0.028759142
-0.023332335
-0.012817551
-0.000720663
0.00266949
-0.010143641
-0.021651384
-0.024274364
-0.030547136
-0.026048609
-0.020411492
0.005501384
0.0072918
-0.0103835
-0.0342081
-0.051715332
-0.058240778
-0.053616899
-0.029886021
0.011266091
0.003246192
-0.018785635
-0.059937391
-0.062484969
-0.053051215
-0.049988074
-0.015951101
0.01072361
-0.013972893
-0.056905399
-0.08733058
-0.067487061
-0.082009975
-0.075528926
-0.016587991
-0.00830468
-0.050237649
-0.066632215
-0.055282663
-0.042842779
-0.0843821
-0.058009589
-0.005977188
-0.032320595
-0.079255092
-0.025916373
-0.041610425
-0.049455487
-0.076884863
-0.034110235
-0.007260418
-0.051950693
-0.103117413
-0.005057896
-0.042303528
-0.045114861
-0.055930265
-0.02548529
-0.025344794
-0.064770421
-0.120739354
-0.009192835
-0.025618797
-0.028062737
-0.049371086
-0.036524416
-0.038309922
-0.078528918
-0.127014118
-0.029656775
-0.017370733
-0.016955405
-0.043752625
-0.044097101
-0.04154344
-0.085237744
-0.118688961
-0.078744392
-0.034232573
-0.02590191
-0.038034656
-0.035176689
-0.059727292
-0.095933645
-0.0947838
-0.082596555
-0.035526816
-0.033984547
-0.022571134
-0.029087759
-0.053241308
-0.081169218
-0.072856865
-0.068315877
-0.034188324
-0.029919531
-0.01275133
-0.024344793
-0.03969565
-0.054115321
-0.045902676
-0.040905809
-0.022984578
-0.01402815
-0.009715745
-0.025239173
-0.030377222
-0.024872053
-0.036807172
-0.033635
-0.020880903
-0.014932654
-0.017088661
-0.023579659
-0.016161927
-0.01039462
-0.023958969
-0.032084586
-0.028904112
-0.025580407
-0.017654842
-0.014834385
-0.010798927
-0.005317597
-0.002609603
-0.005207817
-0.007919188
-0.013625043
-0.01444446
-0.013652873
-0.012125481
-0.007734831
-0.004846566
-0.007842584
-0.011912315
-0.012766347
-0.013282205
-0.010895351
-0.010106888
-0.006219132
-0.007662974
-0.011671365
-0.015617546
-0.016329546
-0.020893735
-0.014006351
-0.013249509
-0.006312348
-0.008772038
-0.017339223
-0.024854771
-0.024131159
-0.032693683
-0.022903575
-0.018798856
-0.005145646
-0.00460664
-0.029539047
-0.033142078
-0.033731215
-0.034486276
-0.017883159
-0.010570403
0.015466629
0.010949433
-0.03941952
-0.027751421
-0.026534009
-0.019706203
-0.016264639
-0.00208463
0.041070062
0.017720681
-0.038653776
-0.010948973
-0.000668809
-0.005722673
-0.012259946
-0.000196837
0.053297921
0.022965015
-0.020166049
0.004203593
0.022130171
0.006724143
-0.008079725
-0.000500472
0.049330258
0.020943168
-0.012887588
0.013309145
0.025532641
0.012048064
-0.001865575
0.010009565
0.042361071
0.014572777
0.007377104
0.030531189
0.017971227
0.017325528
0.017712372
0.024801571
0.027745569
0.002431785
0.013210553
0.011788914
-0.002457586
0.010463717
0.019443957
0.015376744
0.002791526
-0.013266504
7.21E-05
-0.011814648
-0.013864552
-0.00838507
-0.007128932
-0.008786186
-0.011821404
-0.023377639
-0.019056928
-0.023572738
-0.025236378
-0.024564484
-0.020535201
-0.020244726
-0.014217999
-0.017537183
-0.019869377
-0.018778195
-0.017619559
-0.018912437
-0.011425981
-0.01256738
-0.008794769
-0.01060526
-0.012445091
-0.012490962
-0.012367444
-0.013986622
-0.008940357
-0.007548988
-0.004215715
-0.006353945
-0.00877592
-0.010526738
-0.013570148
-0.013923694
-0.008671898
-0.006308957
-0.004064555
-0.006507959
-0.013193449
-0.032070579
-0.041395632
-0.04283827
-0.034252387
-0.017850447
-0.006629048
-0.008058433
-0.020399271
-0.027257294
-0.027989709
-0.023316617
-0.019766151
-0.010328014
-0.003684394
-0.009288716
-0.02188562
-0.025640067
-0.024030977
-0.020980242
-0.016769827
-0.004185461
0.000529981
-0.007670035
-0.020292272
-0.025637082
-0.018779845
-0.020242392
-0.014841095
0.004181186
0.003619649
-0.011965312
-0.021416191
-0.019032563
-0.018336828
-0.020077812
-0.011835524
0.00061013
-0.003735564
-0.034094304
-0.013311979
-0.005717732
-0.025245469
-0.015535258
-0.011013543
-0.023026205
-0.018299076
-0.052646727
-0.007617586
-0.010728527
-0.015916721
-0.007108692
-0.019814211
-0.039609569
-0.026694261
-0.067540506
-0.015329848
-0.004663661
0.014153491
0.008850246
-0.022769981
-0.043614323
-0.033124616
-0.067842601
-0.020779967
-4.90E-05
0.015440169
0.007805667
-0.020348717
-0.034023544
-0.038529533
-0.057056708
-0.016297442
0.000983853
-0.010310332
-1.80E-05
-0.006389134
-0.019283981
-0.042597115
-0.034512481
0.000683609
-0.012445228
-0.025344621
-0.007595674
0.001486853
-0.000470017
-0.032309203
-0.019209693
0.004252575
-0.013640238
-0.017706759
-0.007498593
-0.007927371
-0.006170011
-0.024929818
-0.008667816
-0.001589402
-0.017977613
-0.019797938
-0.014073512
-0.019041232
-0.018126352
-0.023972735
-0.008717656
-0.009139771
-0.021795041
-0.028006267
-0.015851173
-0.020416768
-0.017275583
-0.018420439
-0.010506913
-0.012222779
-0.020409626
-0.031556307
-0.021923916
-0.029686459
-0.024253988
-0.015188793
-0.009777281
-0.014026188
-0.022939375
-0.036725372
-0.039719783
-0.039812742
-0.020151468
-0.012439184
0.025188055
0.027575799
0.00646295
-0.013532663
-0.013111778
0.012852301
0.036309783
0.037686008
0.032523481
0.045506184
0.025126561
-0.001464724
-0.000654618
0.028868811
0.04906741
0.052856881
0.029690433
0.042417025
0.035051078
0.01019242
0.00955263
0.044058104
0.064980667
0.055282742
0.02639932
0.031465064
0.032008217
0.030143562
0.033473516
0.062270292
0.074858917
0.045346505
0.015567733
0.019193693
0.027995612
0.03209249
0.049935861
0.082832128
0.070764552
0.028673465
-0.00045608
0.009114731
0.019181102
0.030255867
0.060832148
0.087376455
0.055251306
0.020783455
-0.016259969
-0.008337646
-0.0004887
0.019681448
0.066787377
0.074218415
0.043277465
0.017629393
-0.025065279
-0.01246587
-0.012472919
0.007767105
0.056979689
0.046579285
0.035903138
0.010974153
-0.026849189
-0.009027195
-0.001113678
0.006935558
0.031358424
0.02859231
0.020119702
0.003209831
-0.023240274
-0.00201868
0.02134326
0.009978803
0.018436403
0.017372571
0.017019407
0.003212777
-0.011025835
0.018584555
0.035455436
-0.002057346
-0.001130883
0.009877263
0.015061423
0.007524611
0.000487187
0.027524412
0.028248005
-0.001559347
-0.013204642
0.003198766
0.015929422
0.01037522
0.02578194
0.033177712
0.023262981
0.004864459
-0.01762235
0.00354509
0.019028449
0.013241675
0.03598454
0.032262762
0.026174924
0.006988467
-0.014967001
0.002158619
0.014692512
0.012138485
0.034985811
0.030773291
0.027474943
0.010427555
-0.007130958
-0.000159789
0.010538214
0.010320001
0.028656892
0.033497982
0.033216031
0.022257003
0.00031063
-0.000996718
0.009050716
0.006285388
-0.011424256
-0.023325121
-0.035567292
-0.060775637
-0.083709511
-0.052893958
-0.040956872
-0.02052285
-0.012218142
-0.024673113
-0.040245377
-0.050050166
-0.064869341
-0.056176028
-0.060319065
-0.034442913
-0.024954117
-0.034258353
-0.058117489
-0.062758297
-0.110823339
-0.098664799
-0.101318724
-0.078620821
-0.033214152
-0.07053025
-0.087567982
-0.096396216
-0.175061428
-0.157107004
-0.149696104
-0.097527164
-0.050027726
-0.074054828
-0.060114898
-0.147208155
-0.167806388
-0.126124275
-0.14380745
-0.097791034
-0.090866177
-0.081431951
-0.142958665
-0.183291374
-0.114020867
-0.133727852
-0.148881193
-0.092656195
-0.167904832
-0.137806202
-0.191997121
-0.168147454
-0.097127348
-0.14392505
-0.124951279
-0.089918383
-0.212802517
-0.15190684
-0.144166516
-0.136576882
-0.150480783
-0.142894538
-0.086144296
-0.083267357
-0.259317622
-0.142925745
-0.115306575
-0.109068564
-0.152071987
-0.130387503
-0.083898652
-0.087226702
-0.245563463
-0.078696567
-0.075084744
-0.081618595
-0.142563479
-0.139151296
-0.075333803
-0.08948784
-0.211914688
-0.069379792
-0.072044733
-0.106566095
-0.116483696
-0.115191313
-0.070998874
-0.0734436
-0.183376018
-0.098213117
-0.067372231
-0.105240341
-0.069566573
-0.075138102
-0.064299264
-0.078334741
-0.139886585
-0.132136294
-0.123383659
-0.146659545
-0.10911838
-0.093928978
-0.072853916
-0.069666231
-0.069630845
-0.085724534
-0.105219825
-0.130454626
-0.110953287
-0.086727083
-0.065434978
-0.039914599
-0.026984318
-0.034150031
-0.049519471
-0.077466096
-0.06362646
-0.028632085
-0.026947626
-0.014328871
-0.017881242
-0.036892339
-0.060069364
-0.07281777
-0.062934347
-0.024304755
-0.016841116
-0.007119749
-0.00550915
-0.003446133
0.059620573
-0.011550553
0.012161307
-0.008282314
-0.002424748
0.019417614
0.038875221
-0.0033727
0.018437183
0.00420317
0.030349965
-0.024252279
0.015048203
0.018588274
-0.008734475
0.069475051
-0.009904491
0.018905488
0.010617662
-0.009333998
0.018777267
-0.003366879
-0.002832095
0.000801681
0.10016052
0.018974138
-0.002260154
-0.010220775
-0.005010131
-0.006622534
-0.003547432
-0.003119148
-0.005241373
-0.00375189
-0.001988564
-0.015316628
0.01558354
-0.033356732
0.018734083
-0.005515138
-0.012153825
0.011902438
-0.005060668
-0.005156006
-0.006629028
-0.00463987
-0.001729863
-0.00460543
-0.001959327
-0.010283447
0.053621683
-0.001873357
0.010979632
-0.008464512
0.072148943
-0.003470754
-0.002966245
-0.002902756
0.057878423
-0.001994903
-0.001471385
0.010100298
-0.004232623
0.013544788
-0.002229478
-0.005044279
-0.005699451
-0.004455112
-0.006645408
-0.006489464
-0.012234764
-0.006051321
-0.001430876
-0.002565195
-0.002263949
-0.015821316
0.019295851
-0.003393394
-0.002283611
0.011446761
0.091918874
-0.006375641
-0.005045489
-0.004009317
0.017981488
-0.004844054
-0.001294429
-0.007558928
-0.005130936
0.011078627
-0.00463153
-0.007202242
-0.009386164
-0.006493795
-0.008451211
-0.003236538
-0.007112542
-0.007138364
-0.001889519
-0.004483779
-0.002222668
-0.010706221
-0.00369446
-0.003516943
0.017513084
0.00993972
0.013293198
0.008759963
0.008671231
0.009099891
0.011316385
0.012199137
0.036788913
0.100395734
0.027036271
0.031041016
-0.002137151
0.011059343
-0.011771318
0.015721232
0.00567286
0.060155509
-0.000612146
0.038074587
-0.001590804
-0.004679833
-0.002016065
-0.004919966
0.011941956
-0.003144838
-0.002600871
-0.015125561
-0.004965942
0.014951022
-0.005338174
-0.003615131
0.028330587
-0.00335335
-0.001525692
-0.013093349
0.006215562
-0.036691072
-0.002224817
-0.005071471
-0.006761879
-0.005878601
0.005735494
0.008498027
0.012706561
-0.005345539
-0.001576609
-0.004314762
-0.004671713
-0.010682054
-0.004863483
-0.003192289
-0.003423946
0.002566786
-0.002170664
-0.007623673
0.017089353
-0.002060676
0.011451373
-0.003782091
-0.001780532
-0.007889385
-0.003978523
0.206121968
0.014781001
-0.003145643
-0.009113608
-0.00513947
-0.009018785
-0.004527469
0.008386707
-0.003738034
-0.003365654
-0.005475277
-0.003525902
-0.015171124
-0.009313997
-0.004209312
0.015268939
-0.014160723
-0.002731409
-0.008085453
0.011846399
-0.002291604
-0.004030584
-0.00472185
-0.001310747
-0.020244202
-0.008264288
-0.032040284
-0.003056437
0.028991954
-0.006028888
-0.00877208
0.015886349
0.005373653
-0.00800804
-0.007244026
-0.003716995
-0.002952529
-0.003865609
-0.015913429
-0.004331114
0.012657856
0.016018225
0.013882335
-0.003776353
0.027550933
0.016574397
0.015822115
0.013345153
-0.005244193
0.037568976
0.06877343
0.000613726
0.033958458
0.019195811
-0.004223982
-0.01233024
0.059952197
-0.013209536
0.10506519
0.027831287
0.015027825
-0.003833653
0.01527579
-0.002658281
0.023761727
-0.004061447
-0.002631434
-0.005475434
-0.015763359
0.009332968
-0.003817216
-0.00357939
-0.002871228
-0.003446052
-0.00230899
-0.001756329
-0.008002645
-0.005590362
-0.018768723
0.012269706
-0.006627094
-0.007251304
-0.004898728
-0.006085851
-0.007002954
-0.006979473
-0.003720942
-0.002537596
-0.002862153
-0.002847361
-0.012967352
0.017001332
-0.002225262
0.026306025
-0.014523611
0.01358666
-0.005504254
-0.002527502
-0.003310632
-0.003343147
-0.002228215
-0.002491161
-0.011552257
-0.003902088
-0.029655657
0.012289764
-0.005974255
-0.008987931
0.012115823
-0.005154566
-0.004524316
-0.013165142
-0.006507166
-0.00341711
-0.00345054
-0.004033374
-0.018998487
0.082779107
0.067172016
0.015082581
-0.013217077
0.00753793
-0.007429282
0.015720194
-0.002389596
0.030864344
-0.002309657
-0.002177648
0.031199321
-0.004525675
-0.018702035
0.017773778
0.015640993
-0.005905432
-0.009608095
0.014419246
-0.003967252
0.041331366
-0.008172322
0.011091677
-0.002269017
0.01622163
0.007363922
-0.00908607
-0.00471713
-0.004011316
-0.013541433
0.026311005
-0.006502097
-0.004022075
-0.002679118
-0.006506317
-0.002662158
-0.002778544
-0.019866389
0.010469696
-0.031732367
0.079518941
-0.003695056
-0.006034025
0.024828138
-0.012896317
-0.003330374
0.014614181
-0.005506456
-0.001873664
-0.003884778
0.008654796
-0.010649575
0.07107881
-0.002131857
-0.002467725
-0.018706543
0.071882728
-0.003861887
-0.003130022
-0.004482797
0.243309872
-0.002056173
0.010280279
0.00288346
-0.006588362
-0.00916892
0.090541794
-0.005552887
-0.011267219
0.011551506
-0.00461466
-0.004735832
0.044541221
-0.006681213
-0.001923375
-0.003334877
-0.002162384
-0.014153877
-0.003812708
0.014426079
0.056602355
0.006482644
0.014583556
0.019807021
0.013743527
0.015924132
0.039983902
-0.002854354
-0.001326294
0.019675397
-0.005340818
-0.007101946
0.013430252
0.018488707
-0.007157828
0.071610359
-0.010619288
-0.004088
-0.005610474
-0.007309111
0.019372913
-0.004770229
-0.003945832
-0.016207347
0.008745535
-0.003189282
-0.005427031
-0.012834064
-0.003455459
-0.00340404
-0.002409451
-0.002067122
-0.00667731
-0.003892682
-0.001318332
-0.010368195
0.086492454
-0.029525606
0.015459465
0.011424837
-0.010004768
-0.008500782
-0.007778674
-0.004927886
-0.008419361
-0.006391496
-0.001929931
0.016244791
-0.002683596
-0.010490208
-0.00800123
-0.003351411
-0.004126177
-0.016820585
0.008548069
-0.007468972
-0.003052961
-0.003249992
-0.004397344
-0.002450513
-0.001798274
-0.009064126
-0.004782602
-0.023570907
-0.001955885
-0.004649986
-0.00915148
-0.005250893
0.009824675
-0.002949672
-0.010668647
-0.007138498
-0.003487256
-0.005316012
-0.002735516
-0.009219458
0.042848445
0.017418533
-0.003764864
-0.010449964
0.088763608
-0.007344423
0.014149283
-0.002108779
-0.004607057
-0.00234773
-0.001075144
-0.017322786
-0.005727455
-0.018250665
0.061955366
0.036572442
-0.004300036
0.016568878
-0.008835312
0.012065894
0.012117702
-0.005370284
-0.001776493
-0.002910373
-0.003990351
-0.012422276
-0.007875866
-0.00239976
-0.003139814
-0.011686427
0.0390099
-0.003438214
-0.002027914
-0.003901816
0.03574262
-0.00364407
-0.002109237
-0.013133427
-0.006120487
0.02544997
-0.002499067
-0.004300131
-0.006186912
-0.004583334
0.013306264
-0.002913679
0.036478026
-0.005981016
-0.002601462
-0.003688058
-0.002219014
-0.015747094
0.08169914
-0.002592574
0.032637134
-0.018388434
0.027502864
-0.008237879
-0.002936593
0.010839702
0.019906627
-0.003104669
-0.002138912
-0.011663889
-0.006234291
0.026656113
-0.002040085
-0.004204079
-0.004746329
0.006705573
0.022966722
0.003237873
-0.012448873
-0.007900378
-0.002776482
-0.003724712
-0.001627841
-0.015790804
-0.003900457
0.016614148
-0.003371713
0.00464745
-0.003776819
0.009371806
-0.003024178
-0.002476896
-0.003246399
0.006792619
-0.003175415
-0.014597776
-0.005889099
-0.00622348
0.0730069
-0.005787645
0.045406562
-0.006164179
-0.005589381
-0.003372707
-0.0088259
0.008432709
-0.003145881
-0.004763928
-0.002018987
-0.009946428
-0.007758961
-0.003838402
-0.003325185
-0.020860542
0.018674654
-0.00479103
-0.004001534
-0.002569012
0.009381515
-0.005694554
-0.00314909
-0.014579631
-0.008531217
-0.032239842
0.01679577
-0.005921457
-0.005879898
-0.004742476
-0.00891402
-0.003340466
0.002176107
0.015312612
-0.003569604
-0.002733577
-0.004387574
-0.014062952
-0.006697498
-0.004287092
-0.002809453
-0.020367691
-0.004621584
-0.007166481
-0.004337253
-0.003110028
-0.005755816
-0.002418961
-0.002013043
-0.008492524
-0.007838849
0.002774251
0.030638884
-0.007686523
-0.004850482
-0.010575748
-0.006808573
-0.002982847
-0.007221838
-0.003966501
-0.002623073
-0.002382667
-0.003777662
-0.011338058
0.01326551
-0.003759531
-0.002373014
-0.011516154
0.03538699
-0.00455867
-0.002626936
-0.003957755
-0.006730549
-0.004412633
-0.002041413
-0.011093781
-0.007312504
-0.035367978
-0.00204914
-0.007003835
-0.005278672
-0.006071871
-0.007943264
-0.003078918
-0.012378365
-0.003819706
-0.001833843
-0.003601508
-0.004322965
-0.007872564
-0.007036669
-0.003669376
-0.002531816
-0.009944993
-0.002496948
-0.004319077
-0.002875602
0.014192135
-0.00420912
-0.003920656
-0.002246939
0.093049977
-0.004867249
-0.019522479
-0.002601643
-0.003559877
-0.006206687
-0.004653156
-0.00883129
0.011891301
-0.007483872
-0.003151269
-0.002471159
-0.002722229
-0.002595703
-0.012515316
-0.004172293
-0.002386805
-0.004622988
-0.020299807
-0.003202357
-0.008504954
-0.002060409
-0.003696466
0.060433168
-0.003581473
-0.002869801
-0.018439774
-0.006116122
-0.029254087
-0.002522069
-0.004535082
-0.009785463
-0.006637401
-0.010781424
-0.006955371
0.025094199
-0.004843876
-0.00327674
-0.002622938
-0.002282966
0.048343379
