-0.347237021361
-0.463232262866
0.344832612406
0.346021053155
0.321580461698
-0.330216235885
0.0885619638159
-0.231784348332
-0.288816713008
0.367044034143
0.357815342468
0.197365688648
0.205231419328
0.207349597602
0.369851418092
0.0687327630588
-0.436257490032
0.00260275510191
-0.0725427647911
0.191173271247
0.152546426833
0.142926660406
-0.108063915075
0.258366310006
-0.356200785863
-0.00819478679336
0.120061072581
0.238400966845
0.30019196896
0.215606012976
0.148294098163
-0.140474730974
-0.585393206735
0.267557383406
0.0814600573554
0.169736153962
0.362979574676
-0.0559695619251
0.102405399239
-0.0256140665884
-0.550762553059
0.198337653286
0.290882863568
0.134701818869
0.146440675241
0.0884232345111
0.017721515215
-0.0584581059931
-0.350820310556
-0.233954758915
0.196006784394
0.176207326979
0.0397867385909
0.082616922179
0.199786101483
0.0893548734487
0.333235555696
-0.358860822646
-0.052122026338
-0.0628243742223
0.222793048777
0.458539622517
0.458868685512
0.278620774548
0.774453612849
-0.227250260073
-0.217946688193
0.441246899952
0.559710701315
0.591652974089
0.815410259546
-0.0582827211179
0.779135011524
0.0460138501544
0.0360846666202
-0.0135662492057
0.461699871672
0.702201242551
0.493639940948
0.368071470832
0.254057444582
0.111066859473
-0.184765808476
-0.255607439885
0.221374666951
0.246316756272
0.290629261735
0.791467115768
0.11748685231
-0.0151729216565
-0.218643426407
-0.319931257952
0.023297901094
-0.096123075198
0.134958444181
0.700596972884
-0.0397103144787
-0.25147357147
-0.10974888154
-0.546450286112
-0.154510650085
-0.378307697388
0.304082863522
0.596727008268
0.48916607401
-0.146829095387
0.074242571795
-0.640839750637
-0.344167959988
-0.504646615283
0.187588882428
0.488042797024
0.272544357883
-0.33613245144
-0.027082123505
-0.303418490534
-0.932325696841
-0.139334551231
-0.704462519152
-0.0579983108668
-0.258314470692
0.249202367837
-0.404931317795
-0.74024265022
-0.866424461896
-0.525745757951
0.004500694474
0.367252229425
0.296466273525
0.107264547896
-0.366863373701
-0.612935788705
-0.703652019414
-1.13629541207
-0.840812369941
-0.71359787056
-0.130062016533
-0.126004852873
-0.555696765214
-0.154465758315
-0.527944454348
-0.498683917395
-0.492273312558
-0.429931518942
-0.0665004750507
-0.22652184326
-0.302402724017
-0.33730768662
-0.198412406048
-0.157178542373
-0.764543248573
-0.162951570214
0.0746542955131
-0.251660470396
-0.431433648839
-0.382654531455
-0.487328168023
-0.0965833029305
-0.157237236236
-0.285009354458
-0.0569252104593
-0.197984233297
-0.289450434394
-0.137298120809
-0.19764812549
-0.865241130502
-0.528939546413
-0.34290410375
0.110997080519
-0.306809948567
-0.398451475395
-0.34931083059
-0.50802103877
0.0743445914541
-0.453725402188
-0.935020448681
-0.369378882324
-0.0281984544903
0.039393793526
-0.111548279495
0.00443781176645
-0.13171573894
-0.302158773459
-1.35036366508
-0.229258814107
-0.134692866883
0.111290143806
0.113376800781
-0.205817020358
-0.0452034466429
-0.262486695261
-0.394922313409
-0.377631956536
-0.160835376059
-0.0273330116603
0.340506345506
-0.0290486003717
0.0268170725106
0.0645859460355
0.694104237216
-0.403128684533
0.187781315957
0.137344538491
0.130434973653
0.248013492373
-0.000149448999332
0.122031765865
1.03175049999
-0.127627902659
0.338287754141
0.340881417625
0.157113263762
-0.28122564857
0.0205941259169
0.544476932198
0.973069968744
-0.218681309639
0.384467335858
0.394436575568
0.41211784065
0.197131324893
0.484262234111
0.773882946787
0.866637817291
0.16362788246
0.339023683437
0.410286281149
0.70537426893
0.228462289477
0.445959400376
0.442047747096
0.558193220156
0.350141772362
0.526538780265
0.779542898571
0.288370572504
0.50455522197
0.425907289516
0.53936573137
0.451595148827
0.593926833206
0.450855449692
0.673377997503
0.481802118826
0.696976182236
0.352123652122
0.337691108006
0.0835992160373
0.57006408213
0.885864342642
0.753319584852
0.903102305486
0.719856446659
0.376341505466
0.184036607798
-0.467843461057
-0.441284590077
-0.171378738275
-0.48679198265
0.101791488064
0.409699303375
0.085244266605
0.440688971265
-0.32522935851
-0.594995815454
-0.119050501264
0.0818785284065
-0.0324540370599
-0.0210511617352
0.302925032002
0.0882736213021
-0.173649747582
-0.617273632234
-0.643830693944
0.0673901974393
0.271928367705
0.0674106655073
0.373164464675
-0.0168258486547
0.0170518705771
-0.623586955687
-0.223734587273
0.153396184284
0.0298426964778
0.336499995042
-0.0931870179301
-0.0118127681348
-0.198195928339
-0.516933286037
-0.386141105607
0.0711142957167
0.404543103775
0.0899893972371
0.104240458995
-0.27163312825
0.243149295819
-0.643313121744
-0.132747788924
-0.117448771068
0.308447806665
-0.0150671900286
-0.049361234295
-0.277666762878
0.198436571156
-0.0180894312488
-0.423218719225
-0.0856213735975
-0.238010372571
-0.563058014447
-0.383401409654
-0.441003508136
-0.683714830231
1.09881611117
-0.13495439565
-0.875282618502
-1.35175931283
-0.302852670944
-0.62403658328
-0.00274097502545
-1.39975143577
1.63474482566
0.159395696859
-1.66441604265
-1.36371878729
-1.53377135784
-1.09322561191
-0.627970984417
-0.332391315122
2.21729298481
1.00493578613
-0.0316788676046
-0.794474384792
-0.796600603081
-0.510737437899
-0.0181230222678
-0.263349357438
0.769431075309
0.105278420263
0.149379737818
0.126300041862
0.160927842494
-0.172296022229
-0.0554878834471
0.153092952615
0.0301328478664
-0.255353234074
0.273674698981
0.228756086662
0.244101573019
-0.0490987972365
-0.261242885272
-0.279691542569
-0.363084290432
0.0638923352066
0.384774934647
0.250340805535
0.122910655356
0.438098735916
-0.216295627968
-0.25584159824
-0.360275739434
0.055038697324
0.0108099149328
0.517939587236
0.263343155151
0.261278390722
-0.0506945657227
0.0324897511473
-0.233196300109
0.180587326514
0.148020623739
0.4640125246
0.468605069519
0.317002288665
0.235757978716
-0.384462615605
-0.341229921838
-0.242384922595
0.212761922175
0.435446459915
0.655870781959
0.888566572475
0.785920899182
-0.288860503999
-0.396770860231
-0.255661245629
-0.672966967566
-0.66949825417
-0.43649276962
-0.334417560568
-0.509662156384
-0.369985802336
-0.270397849863
-0.308170787458
-0.184997315692
-0.264691279117
-0.519717205719
-0.0985251472615
-0.606833003888
-0.175226020464
0.195952331536
-0.205329790458
0.148550993462
-0.053564541412
-0.072468045269
-0.401792555186
-0.407223985978
-0.516027183436
-0.640269254397
-0.334480916284
-0.488849629348
-0.142735938754
-0.214683756523
-0.226325775158
-0.247589774384
-0.478443143762
-0.437470824568
-0.52891327036
-0.559064571301
-0.43334636461
-0.196235146678
-0.0575229771724
-0.286847305058
-0.366406706237
-0.905424233878
-0.189553623807
-0.223700912407
-0.156507517925
-0.285772919632
0.179950039381
0.155940346187
0.0688419291373
-0.943331270841
-0.430273719349
-0.3118716106
-0.0141815149667
0.165755208382
-0.0565776071475
0.488874458939
0.240914370454
-0.960760475216
-0.316778140336
-0.494866444254
-0.0668745936061
0.199398862743
0.301330522284
-0.0189384721622
0.340251831238
-0.355266354113
-0.0840021186548
0.228811312702
0.0713633375465
0.149489284824
0.413686323093
-0.123385520246
0.487076332934
-0.0673279805242
0.0924296159153
0.19999624452
0.052509781856
0.328936020049
0.185214900475
0.38056526037
0.325602136939
0.345179628427
0.0479787422826
-0.0537316341556
0.0712157857022
0.67218945072
0.325070320347
0.515682100154
0.155450941579
0.512984586281
0.455341366576
0.293643551118
0.232989587552
0.462248539924
0.728880488618
0.469575079703
0.0616826652009
0.520258800439
0.581568944556
0.281200777287
0.385098141864
0.287433958901
0.3294463029
0.438712460066
0.622064216984
0.528280346491
0.487668359733
0.524751044562
0.196038853364
0.34629726371
0.687908652725
0.427245315572
0.509732231791
0.29265735138
0.469031575033
0.478508252308
0.420256342124
0.441315399844
0.282715566019
0.500505475764
0.5385940724
0.414594799877
0.509273874097
0.843128231781
0.888997427152
0.499693965234
-0.100974674794
0.26717616035
0.751846749684
-0.588433369781
-0.320333200894
-0.0730976029703
0.234152085359
-0.184367353834
0.0386429645377
0.625464838717
0.255642925551
-0.419011891541
-0.103186503681
-0.18777154787
0.4246304408
0.232509242868
0.0120113613141
-0.0721508162659
0.0356013089462
-0.266326959361
0.181452069566
-0.0491476085527
0.081486162731
0.238100150338
0.0168665880036
0.366172821269
0.0680318228976
-0.332166078956
0.161740524754
0.362180826108
0.161046837038
0.142663048041
0.295317886724
-0.0912041087487
0.213636822677
-0.331443506359
0.386219603028
0.0394067947936
0.379762161286
0.312255979308
0.158416510942
0.130966291808
0.550413502534
0.321664359511
0.344404106301
0.350233856465
0.122347994642
0.112127356878
0.137111066578
0.169618860433
0.285599242944
0.474039202756
0.59368162116
0.314879967692
0.351522515111
0.186882324589
0.117908202105
-0.00943629482168
0.519206342596
0.991134641504
0.630041733573
0.374366475396
-0.0874684910645
0.208557566939
0.249747542984
0.287660736696
-0.45439281071
1.17995194579
0.806213711346
0.393646562335
0.00892728241707
-0.0130434173949
-0.185598526489
-0.508662188472
-0.865584799317
0.792238117635
0.49950121567
0.285050076929
-0.268332440181
-0.492111739095
-0.732349661156
-0.664018108682
-0.420347951027
0.375052454916
0.202387707852
0.182013475886
-0.0374860642829
0.0623722935579
-0.242314708636
-0.220176261473
-0.141028098627
-0.422968664006
-0.241615511379
0.0702090553279
0.288361372088
0.0364104419304
-0.0160475719365
-0.188206072555
-0.318697816415
-0.40833151769
-0.0109264375009
-0.0567470102562
0.130058550569
0.211874047808
0.0976491415896
-0.175862900222
-0.076448876605
-0.578217073802
-0.0785451183293
-0.0860220487082
0.181518973564
0.502223051538
0.0993774310888
0.0786639977241
-0.0469415274329
-0.267173093397
0.19323582925
0.19759583381
0.265380970363
-0.151020803243
0.384025053945
0.151932230247
-0.200771906462
-0.44281542235
-0.467046544248
-0.164603502532
0.296774302503
0.439338118586
0.280436506574
0.276138069612
0.860830914374
-0.344251632203
0.209273610251
0.389184404055
0.54263261084
1.20418140882
1.10280087523
0.910730686022
0.728520065608
0.169579242979
0.0391636098119
0.494030081584
0.160648263618
0.589572692062
0.764009153091
0.879038434867
1.08289295874
0.199763509457
-0.0361597258169
0.200313647052
0.403528671931
0.388370136843
0.441668039369
0.859862803891
0.460389945194
0.0969268886037
0.0523724752656
0.0655375014464
0.523611705215
0.270468942768
0.38291580193
0.659010252896
0.570646565394
-0.400667835532
-0.138887753033
0.0864073655426
0.249699825676
0.0953487516361
-0.163775088587
0.164634991619
0.195168123036
0.18675487617
0.26711052151
0.0126276627927
-0.282243126603
-0.351218912891
-1.10840597325
-0.532291791871
0.147896110014
0.0362380730211
0.0833623177892
0.118518505731
-0.10512629603
-0.293853343549
-0.599516275255
-0.645689578118
-0.290865047396
-0.0896901874556
0.385655943987
0.345015301539
0.601493157919
0.173715793828
0.115784307168
-0.467627213406
-0.508203707438
0.644294124635
0.571317351996
0.403692626581
0.201327053118
0.267543509528
0.0793247941048
-0.0864729495043
-0.578780955451
0.151356026479
0.519913992393
0.0538973392914
0.415421112598
0.300257623124
0.0614168487615
-0.597471995553
-1.01102348616
-0.315041564185
0.260209950884
0.420477728999
0.0498483709484
0.251022666036
0.127989855708
-0.422201075035
-0.888562844083
-0.0982775113613
-0.0862066925772
0.116934018425
0.28957925002
-0.162885409818
-0.120429800154
-0.422740020705
-0.514659077837
-0.935731732493
-0.269092084003
-0.539840268022
-0.0985562609674
0.245994785366
-0.32116534787
-0.752836628948
-0.486201713787
-0.306795317648
-0.897744306885
-0.476142034402
0.0974510923218
-0.0238348975821
-0.559189304189
-0.469203745729
-0.585533826305
-0.566633479479
-0.281051800693
-0.685247184964
-0.255633120236
-0.345159518439
-0.0671442661309
-0.186239479641
-0.667636266826
-1.07266173679
-1.05970972159
-0.412311775309
-0.693450397853
-0.47959094146
-0.59688273996
-0.359353686081
-0.540938467767
-0.422752475258
-0.134064252718
0.265460405463
0.327533942159
0.558092549917
0.322669534986
0.288135682053
0.348772212461
0.258945516406
0.411570846891
0.459073486831
0.295534825122
0.173447501536
0.121611438449
0.189453475503
0.591005528605
-0.0185569268658
0.317509070809
0.425277655488
0.314413138015
0.293886841139
0.230878905273
0.16557955212
0.0834729011044
0.501135704121
0.280909962246
0.462601898515
0.601103929682
0.131144001852
0.177226929907
0.164889937287
0.0662330228482
0.262545500756
0.417641708203
0.412070840029
0.356217880677
0.582570994398
0.555120436551
0.0281529050263
0.0732490243672
-0.170568922761
0.154875787093
0.390256035045
0.199549519426
0.35496126387
0.451668371268
0.469459249752
0.168930127464
-0.101462433655
0.149310177985
-0.163959572944
-0.0222983009709
0.0702653249753
0.255044483846
0.46984996198
0.324518013524
-0.967038889865
-0.260710772907
-0.359290609847
0.00685145230608
-0.0938607955556
-0.0520586330428
0.200859163348
0.0915260351301
-0.540561560238
-0.891367503872
0.258995142443
-0.569878094178
0.055368387488
0.413025460564
0.32377067454
0.322401147526
-0.285716558222
-0.698244906246
-0.284006736183
0.215345420684
0.133796426021
0.457802859135
0.404986018769
0.543108734736
0.14752152439
-0.321859985226
-0.326340308493
-0.423200661472
0.123772414263
-0.0637301728592
0.423919786264
0.461029099266
0.146902830678
-0.0328288632908
-0.328211020661
0.0293435754157
-0.300768134259
0.15645572001
0.230286094358
0.374487310032
0.0374770341281
0.0597735586926
0.031483043957
0.109328262122
0.0170006706943
-0.103777324673
-0.189982175441
0.237205533577
0.0670570761246
-0.000238802265432
-0.0407384632504
0.0592912374038
0.0952637112185
-0.235694979764
0.215478902919
0.223768318683
-0.0559777428166
0.239838196299
-0.00653813249961
0.192389197756
0.127593934501
-0.29087736214
-0.215914405761
-0.0108136260667
0.0307467752733
0.035621909161
0.136692092203
0.559848948645
0.240822813375
-0.211613031402
-0.10017900246
-0.0366221896053
0.0567655008763
0.273000086741
-0.177709388902
-0.00918851613538
-0.21656805807
-0.559074193213
-0.317599910246
0.333258428235
-0.0670359601843
-0.105778475493
0.130106283729
-0.121798978103
-0.345609307019
0.0618612034263
-0.635561006274
-0.35431833879
-0.0652141073999
0.149612401908
-0.481550569185
-0.0174222701181
-0.668608716942
-0.326652965933
-0.257107635718
-0.0727416966782
0.224130920282
-0.616713195676
-0.428666852103
-0.512825492869
-0.429337693262
-0.116740433558
-0.520855061417
0.0115812098487
0.293088975888
-0.22552224241
-0.416157726572
-0.662816344382
-0.729630347145
-0.769259417965
-0.648392219641
-0.356781446783
-0.316059664726
-0.175109665316
-0.158053404877
-0.481017285992
-0.34247999463
-0.498726316881
-0.425008346155
-0.663637975812
-0.206881211528
-0.0693863489363
-0.061479835847
0.00586257044591
-0.487734263626
-0.555334502858
-0.262425511816
-0.491413180463
0.450865603118
-0.002688068941
0.0924606024836
-0.0233099540646
0.134895694701
-0.140833211766
0.217021867366
-0.124233302566
-0.147050749136
0.117249520035
0.119436048753
0.350759344186
0.0162069903537
-0.139918658999
0.521788144628
0.0958273490778
-0.170649184877
0.225248186498
0.533464856926
0.0715634125579
0.16716982425
-0.146653348162
0.170635112726
0.253877743922
-0.223996829747
0.325403589887
0.534894535328
0.126694403671
0.316947335498
0.285260937918
0.621460818838
0.468395619498
0.0888745378832
0.750696776547
0.498368296417
0.429387478893
0.294927296172
0.18506870241
0.533090998629
0.678414255852
0.0903030388178
0.53545796969
0.523602528707
0.254232555584
0.179731612028
0.0230893538014
0.636836211749
0.70455354463
0.745524809625
0.562471396572
0.589951142423
0.402640235706
-0.368960685345
0.262059615944
0.506373595613
0.692267225242
0.541790685891
0.274675495307
0.472282567587
0.160981519748
-0.805135297708
0.333120141864
0.659586797248
0.599959796227
0.300317754313
0.825724433182
0.523915226022
-0.899349167501
-1.54030514448
1.14140272883
0.722732745118
0.80045984807
0.52530433095
1.0500376266
1.15006387224
0.500632607527
0.423164688648
0.630709019069
0.495702721184
0.363127480754
0.145560255978
-0.100319618458
0.221901174656
0.179757364292
0.425560180969
0.154859549076
0.1487511165
-0.174293699931
-0.201012658272
-0.158639798174
-0.525574285594
-0.434704995024
0.100938606673
-0.149819365669
-0.282316357339
-0.282961284121
-0.652735559022
-0.838484072491
-1.05218068071
-1.07007751138
-0.938911588676
-1.03636458037
-0.850729223869
-0.425596943412
-0.574383448049
-1.09523376444
-0.910710817647
-0.531347912533
-0.587759200193
-0.410799611976
-0.257411126949
0.137074649839
-1.55709690039
-1.42160777433
-0.206457461617
0.217318185535
-0.0416015777278
-0.485501522404
-0.35803539428
-0.434163501819
-0.309386803586
-0.110404746158
-0.163155262934
-0.268221409149
-0.117611978807
-0.172033139713
-0.9924215321
-0.903204482089
-0.0290436428952
0.104012175123
-0.221826266853
0.0464791644561
0.137819985372
-0.247188216219
-0.344955696429
-0.801253750727
-0.37334130363
-0.612865331793
0.0728796907474
0.155076842505
0.0260850788419
-0.294525239671
-0.217748306079
0.118930790663
-0.505823406942
-0.228995530569
-0.133333009162
-0.0802744151074
0.343001998213
0.207200897645
-0.170531960537
-0.238783983451
0.0609117647147
0.12357307307
0.257814864559
0.377491426823
0.246780348798
-0.0657670008423
-0.431889471389
-0.186356641532
0.0511037390671
0.39367720204
0.152933438538
0.337482858485
0.352852567949
0.100821881526
-0.152654340666
-0.0401018176956
0.263366900252
0.25536481352
0.360257562495
0.764544131149
0.453225240912
0.17837725296
0.626997472301
-0.027112231469
0.0747652355048
0.326815723364
0.394074474326
0.383992903418
0.464111980535
0.354765679394
-0.0929682627082
0.248163811335
-0.00977524200535
-0.0381543477899
0.111717627053
0.410314850553
0.573629191361
0.547044223172
0.241196873182
0.509511007139
0.458419436372
0.0256555498115
0.236333524613
0.0795340510129
0.676961092091
0.104375431492
0.293259274234
0.591550416229
0.00872798681326
0.00309956565043
0.122849996684
0.101485521218
-0.148743523363
-0.0492023750992
-0.0526984982193
0.105539460871
-0.165536789052
-0.340948853565
-0.191119689427
-0.407984289107
-0.296728823773
-0.328544021119
-0.3434425679
-0.223168776215
-0.5132988147
-0.594089613048
-0.324270205691
-0.31690169634
-0.182186636903
-0.594531384394
-0.396226438771
-0.212706670291
-0.193709892719
-0.187607621854
-0.129664869944
-0.0694227907994
-0.286691663777
0.0281076972162
0.211750359843
-0.0456426065929
-0.190965588765
-0.0889282258185
-0.0185645029366
0.194328185419
0.0475985168555
0.323672669393
-0.111588319294
-0.298073023027
-0.0474955151524
-0.00564682840991
-0.0128966008224
0.00902263451733
0.0817684709618
-0.0555613762189
-0.0621108500436
0.149833800374
-0.19219073585
-0.185662518758
-0.107997514331
0.203620541177
0.114930703042
0.122641269549
0.0588162164334
0.24568897309
-0.236204241814
-0.31859666458
-0.373650406279
-0.163209466756
0.189143965769
0.0896174944003
0.150027327526
0.15168928044
-0.090410710932
-0.359982841798
-0.551217468205
-0.0650942335453
0.227321208215
0.214151967907
0.170291493899
0.0603068531643
-0.196441194906
-0.362660101841
-0.432388222539
0.00202093722274
0.0223628417085
0.107185500719
0.345003095518
0.304109010481
0.0728486227703
0.0338246590094
-0.175186736977
-0.247230304413
-0.0495032549121
0.147462194709
0.158608218003
0.368469748442
0.271359908077
-0.0404512659589
-0.266056949378
-0.128983542608
-0.0622347547753
0.382366216614
0.248936945987
0.460423387378
-0.114163401549
0.0776023312449
0.198848787111
-0.175297605498
0.189505383559
0.360124522688
0.35556360004
0.309267953736
0.173377424179
0.231044539874
0.238799071647
0.154778027941
-0.0676615027943
-0.00813441760528
0.214555083505
0.342728709238
0.061545048419
0.169710726158
0.42306113186
0.643110437992
0.75865646201
0.27225786703
0.37364592405
0.252720774966
0.0188496930254
0.0356575378831
0.638789829414
0.959788468185
0.979595204752
0.535618169996
0.413933029169
0.0205013882274
0.162632390384
0.195198588938
0.0591595854147
-0.151319609641
-0.479368934101
-0.757620682825
-0.620604139551
-1.04424231333
-0.238157178191
-0.126656563336
-0.240961149211
-0.257918725299
-0.184235240714
-0.817474784194
-0.536024628715
-0.402740301584
0.412356547612
-0.236621449252
-0.301435155313
-0.228976060715
-0.683033235394
-0.486231905517
-0.101588508927
-0.417079577183
0.0567089403046
-0.192697472688
-0.109076855194
-0.527876688301
-0.234554866804
0.0368493379887
-0.34317477971
-0.735948360073
0.425878328186
-0.146099768264
-0.594428154566
-0.231980920341
8.00202352467e-05
-0.192608061553
-0.340072719758
-0.92864465798
0.0128607927731
0.01783770371
-0.05797543196
-0.152844478262
-0.338798456907
-0.0946687976326
-0.161414139827
-0.186102419598
0.0583801865646
0.136653609443
0.333025195621
0.144800259441
0.0128065580853
0.0748338500344
0.0352299369581
-0.235871593447
0.17316925112
0.304874155819
0.293420270201
0.122149125822
-0.299634878542
-0.193793110189
0.0331046681431
-0.280610727191
-0.0651286811943
0.370074906055
0.71722264147
0.0965726368305
0.142465741244
-0.0356653793355
-0.0802151932871
-0.729953734293
0.117501469527
0.667140472024
0.531314252289
0.321540740243
0.107163567115
-0.0488195681911
-0.131628206452
-0.78463579665
0.319752439574
0.360766561278
0.432721190564
0.376774416557
0.169286543344
0.299618673869
-0.16523244337
-0.497294717813
-0.205426857819
0.682429586098
0.557100872492
0.397161159
0.455242274712
0.111085971098
-0.0358497880513
-0.362512668278
0.760972441714
0.148574524963
0.401574702232
0.368197615236
0.135435450228
0.089972384781
0.142659549088
0.186422882119
0.258120356316
0.628511461755
0.199212569856
0.16970202345
0.563991932405
0.371495117063
0.0122058103499
0.252438949344
1.20245962046
0.0806407953305
0.138518145832
0.456874494872
0.213597172125
0.204707856462
0.448639945825
0.441286688711
0.453501879575
0.918479091522
0.258952492788
-0.347113525154
-0.506081607029
0.265046796829
-0.0902531833958
0.303723073432
0.990819823116
0.286523302056
0.674528222067
-0.107770414323
-0.108545268563
0.011167663465
-0.591754720105
-0.100785788759
0.212524759492
0.0142619113311
-0.152525599655
0.243608158777
0.262480238591
0.097502728015
0.197174215901
-0.19332708248
0.174186191456
-0.0430007613536
0.330835784658
0.119873062599
0.279710025075
-0.171575541609
-0.162691443762
-0.328707445588
-0.0553669181111
-0.101166453901
0.0548628059814
0.527022767544
0.199315064322
-0.164356839152
-0.130952430344
-0.463408987265
0.0555431050059
-0.0675593418686
-0.0112475110068
0.0660984438308
0.00817781767468
-0.231602532377
0.104743360548
-1.14527216533
0.131664267295
-0.0778300907905
-0.0344742791176
0.506056041659
0.337700462678
-0.156660070662
-0.159874310072
-1.47672390216
-0.832742417721
-0.235540814907
-0.0431423645294
0.0149047766417
0.257304420548
-0.137259990257
-0.890061131157
-1.22845358037
-0.197509168196
0.0753992045538
-0.343661909756
0.0756964605793
0.311827369115
-0.861707233011
-1.03854869287
-0.634133140827
-0.12192423921
-0.186038793588
-0.21596565112
0.289612554841
0.0437944595565
-0.803827713918
-0.849476538658
-0.772575939461
-0.125230067746
-0.372596398307
-0.279838343837
0.0158270647321
0.00923700735071
-0.244301522976
-1.02519664059
-0.00528016189035
-0.266354517652
-0.735848386439
-0.430310853996
0.208671565019
0.161876468899
-0.515396551179
-0.63921939129
-0.0462921714227
0.451924513701
0.16889942434
0.218687445018
0.282137595733
-0.0344059182224
-0.238623686073
-0.692902564459
-0.129668875389
0.510548550716
0.248339389396
0.276575943402
0.516581498289
0.408212702657
0.0536759006921
-0.019735844094
-0.722084674351
0.241098811746
0.0770957019473
-0.259409742706
0.269261091335
0.28390597722
-0.215861826165
-0.171426790182
-0.257789284812
0.433591733733
-0.144388395734
0.552094779744
0.160370717242
0.188244001294
0.445838510263
-0.0683912648993
-0.0804173281361
0.262939713802
0.58191365845
0.178623189604
0.0227150055626
0.704620127588
0.337954526232
0.470913835675
-0.0154026289826
-0.219621686713
-0.272379699743
-0.140159554884
-0.170835353783
-0.384614978642
-0.287067712488
-0.329059610751
-0.224198420702
-0.0643788868688
-0.263495237173
-0.315005376679
-0.169477255755
-0.36195813101
-0.50272152216
-0.339722746899
-0.205944476548
-0.186971314612
0.340689628539
0.0391945325002
-0.258225595791
-0.268337068672
-0.337615718
-0.266250716373
0.125005847504
0.137628354914
-0.0848765619289
0.0430092896739
-0.301836564957
-0.217977732076
-0.12812835698
0.347803248177
0.184712763634
0.296320395705
0.367614210033
0.209869727926
-0.218556419321
-0.0574593748994
0.0270090979169
0.179708770489
0.0638703365406
0.271654423364
0.370458858328
0.24098776039
-0.0360688264118
0.300930033534
0.0831217247258
0.682791636954
0.118129041603
0.740390639034
0.315946069764
0.391731775527
0.18345714031
0.198719246234
0.612039612574
0.447139595118
0.525604677644
0.19865842655
0.246915765795
0.819971798891
0.39125717374
0.532229930316
0.542986472093
0.807084916235
0.770632498582
0.0612164365303
0.254601894974
-0.165422389743
0.665713315567
0.610392886141
0.192621337553
0.448116130039
0.408400447503
0.373257299529
-0.207111561887
-0.771674270859
-0.0622762704671
0.231992671048
-0.578425280726
-0.608752655139
0.304454964435
0.299123841605
-0.556013490056
-0.943460040862
-0.233962785192
-0.258937757146
-0.724008917339
-0.361322298841
0.0669676762675
0.457748707237
-0.647098816125
-1.1334956791
-0.410564467704
-0.462998845914
-0.603767176758
-0.713744027088
0.125497160272
0.00506959953221
-0.313352679379
-1.0281607995
-0.752921658131
-0.531307371453
-0.26155257105
-0.407991956874
-0.0314486210268
0.0646761951109
-0.306236620474
-0.81887402382
-0.532738099127
-0.362347557303
-0.187500115585
-0.293088030093
0.0453566003065
-0.0318066238623
-0.359379795506
-0.469983641455
-0.471635868134
-0.0884394269229
-0.341459296202
-0.18149196003
-0.391711931303
-0.0468457261798
-0.285173168813
-0.316028233845
-0.335626622878
-0.365713814534
-0.0332407406642
-0.210819525
-0.22007633359
0.157159594749
-0.190252548619
-0.181880455376
-0.192268506186
-0.27155096964
0.0399166550872
-0.93567345859
-0.454713251542
-0.170755041187
0.232844542993
0.0456744429807
-0.196010668753
0.0353774157228
-0.0780649499301
-0.275333398818
0.16694944631
0.411479180898
-0.339065607958
0.188225108729
-0.101183868065
0.227886708033
-0.134116846179
-0.416317270748
-0.0747680320597
-0.0447109385947
0.379236678889
0.012634786483
-0.00346419849886
0.0641062467715
0.0354203146474
-0.287158952826
0.426216545242
0.102667460133
0.0892801372231
-0.00224472748401
0.0508123611414
0.167588110593
0.0383789856891
-0.0242992562517
0.345286568057
0.511200485627
0.194131434906
-0.0546274032035
0.00743602259504
-0.0552365853779
0.336248120933
0.0366501528242
0.273130377924
0.512138237504
0.143309246845
0.222486136915
-0.224319122208
-0.0419096745444
0.0508027889271
0.160290465884
0.567363932529
0.417065478254
0.658351198594
0.200431756673
-0.0208796829342
-0.789047122353
-0.141411421624
0.745015096383
0.944197727865
0.216271317123
0.799506488428
0.421070312434
-0.105571381453
-0.747252394702
-0.162428268656
0.728981226853
0.228917843624
0.349283583116
0.322460001708
0.148279002531
-0.0754645012191
-1.118538295
0.242114752009
0.384889968892
0.599599364583
0.300479737411
0.216273807931
0.00527820495882
-0.564182379997
-1.09613721056
-0.0580295821267
0.156963172625
0.837505484231
0.458308995301
-0.226574921975
-0.294784093236
-1.20061945315
-1.27610493262
0.11067243057
-0.0485803244175
0.585456567147
0.236023462745
-0.316140921947
-0.0357659513742
-1.46759200399
-0.766327031525
-0.410054884638
0.230474214972
0.321809105491
0.427185734125
-0.176702221288
-0.297407568782
-2.36014059159
-0.59500068643
-0.120465824438
-0.108253029955
0.527224278177
-0.0622181884572
0.259573475354
-0.748888710228
-2.4046984604
-1.40947861281
-0.264503398769
0.198411870991
0.0918996761653
0.401789630269
0.168528116168
-0.813936868661
-1.9936304859
-1.39554409821
-0.724854656832
0.172251295741
0.234089435527
0.0735955397756
0.0102260062484
-0.360005432708
0.270709204219
0.162508674701
-0.0173376493057
-0.0947397201679
-0.243400637057
-0.620860781311
0.0845815293439
0.268374289205
0.127240511067
0.173864173194
-0.204512262201
0.047765617069
-0.426124654763
-0.00241539624145
-0.132242914341
0.104506535499
0.401934687101
0.152782113842
0.116301984883
-0.25640547628
-0.187231034824
-0.00344336977763
0.41981343455
0.0691568260538
0.449568555312
0.266072117273
-0.0138651554815
0.108123356094
-0.363631697832
-0.0519178010745
0.13394578346
0.445530547113
0.196156536058
0.327226737553
0.215941612505
-0.0048214656189
0.133633791831
-0.196387112604
-0.12776793803
0.0987863224859
0.435195745553
0.386411478647
0.387727722961
0.114773496104
0.48633887284
-0.218832266689
0.0751793679588
0.0132217203252
-0.0242972812908
-0.0680279678865
-0.0252088882698
0.321506502756
0.808067682695
0.525702585606
-0.201384398758
-0.488408355334
-0.681896304924
-0.936119719044
0.0609361257147
0.394186104178
1.03302733313
0.63968541772
-0.0157323312321
-0.383208216733
-1.40820978185
-0.911942412538
-0.862587653152
0.0344010183832
1.56832749281
0.624887538903
-0.0618282844264
-0.420174895406
-0.553922084015
-0.593206187676
-0.0775244581734
0.0636544409565
0.390589155382
0.256937058639
0.227572474456
0.00920404161565
0.125118867085
0.0202349591997
-0.0644352735868
-0.035282626046
-0.0629496243834
0.0652719556004
-0.16798391432
0.12502734757
0.152754104825
-0.0735668157438
0.184449769886
0.0449795188169
-0.356692961193
0.139085586124
-0.144993840442
0.0863822261301
0.4261654778
-0.0064504999277
0.0934654838336
0.0557524773569
-0.408133278089
-0.354091714629
0.146871044694
0.0809299934899
0.303652341096
0.440633749001
0.0803195303093
-0.0314743394892
-0.507274440578
0.0665236223225
0.183597773083
0.466750657083
0.306152052483
0.116922759963
0.371821905822
0.0768190250453
-0.292237167966
-0.0200292971381
0.598815034658
0.266782345334
0.444163771005
0.718376900914
0.048638067264
0.0559312586048
-0.492836166125
0.139955508357
0.442758049592
0.921444260342
1.20862051411
1.14877819431
1.27533773269
0.544575302715
-0.0972382360186
0.271656168886
0.437357718622
0.683510952296
0.61732663523
0.649624646036
0.549072489723
0.545266676591
0.313791910566
0.684090733223
0.3438104138
0.504164869631
0.628475202737
0.373471765861
0.790006059411
0.639166811987
0.300388945283
0.569724951591
0.83171513032
0.445841715287
0.777163486679
0.393484656644
0.3149819373
0.40620790832
0.666667283796
0.119742375879
0.0777027283929
0.435421141501
0.205772890236
-0.0413787820992
0.56262561996
0.44416945503
0.514142912985
0.0843819793653
0.357377059587
0.0621532487824
0.123387507094
0.186334440902
0.294470347608
0.621169768527
0.717403329323
-0.145669635303
0.0692217822834
0.457703908423
0.269349596866
-0.136579179451
0.297369514502
0.331076324432
0.661413891656
-0.142697514413
0.177618994177
0.4572646643
0.126377262489
0.0723929374552
0.0851124614698
0.158175792041
0.0416912778179
0.151846890359
0.194873352925
0.158717615149
0.085208083983
-0.0150293062773
-0.313230393066
-0.215391771404
-0.152533498536
-0.298766384349
0.227103779831
-0.0626803709298
0.00420080355963
-0.0851983284153
-0.449177685725
-0.725503227155
-0.821117065273
-0.118560764497
-0.0512592375028
0.0196126442255
-0.0500544375509
-0.238782508597
-0.511361000425
-1.07941579045
-0.956985041818
-0.339958532654
-0.135399180365
-0.127767970069
-0.425142451516
-0.447176412395
-0.594990492171
-0.809840107905
-0.888492080718
-0.281973890818
-0.237030033268
-0.540716731415
-0.254250409675
-0.212038790082
-0.595622310674
-0.467208658999
-0.927575234094
-0.564928806722
-0.550434503699
-0.269659794004
-0.255210988048
-0.339866638909
-1.07350737922
-0.410058967682
-0.556270929688
-0.140721291746
-0.622089279093
-0.330126590136
-0.3113745045
-0.621016683542
-0.1770625895
-0.789039107932
-0.289264175914
-0.379057725844
-0.585651617261
-0.530574730001
-0.616795436223
-0.472878934666
-0.556841756486
-1.20948557595
-0.58287510341
-0.10075663498
-0.141125004727
0.625222399278
0.411347630694
0.284762001969
0.338605338793
0.37813042558
0.168534733569
0.095704859398
0.209624320682
0.504973305211
0.329865570975
0.564358041252
0.236169818696
0.628366960216
0.304462869555
0.200030534102
0.474900686268
0.37498232086
0.522470635021
0.423124135566
0.163424334793
0.519137285703
-0.0203189494822
0.480442214237
0.393616082772
0.382742206356
0.399473187554
0.361986312965
0.386946930825
0.0361627483452
-0.066350701369
-0.0377142613196
0.585099888394
0.568649703256
0.207544486757
0.493802478392
0.107253069478
-0.00466429433795
-0.507141449602
0.14590649795
0.299765700413
-0.0113440541492
0.626249675878
0.218732327904
0.0897350584659
-0.0789932277305
-0.11162220817
0.056989645335
0.126103925024
-0.00675682882926
0.263430639304
0.0880368139891
0.0398034127719
-0.124203792727
0.0960598044991
-0.467627803162
-0.320305949561
0.0088858014862
-0.15289563558
0.305028790748
-0.345843351599
-0.107653278358
0.390919923014
-0.357520602123
-0.113778222197
-0.272583332069
-0.0982712213757
-0.271421234412
0.120801589034
0.0875349571042
0.228312857204
-0.357386504288
-0.428052742385
-0.184271136488
0.148655622318
-0.0830832224544
0.206067451305
0.232005146397
0.0571924351192
-0.0246884619876
-0.351233991471
-0.484136417135
-0.0959785427704
0.034382625415
0.0879495969026
0.167394222385
-0.226744765575
-0.179879748897
-0.0898602109393
-0.026116416198
-0.158859011227
-0.0966784736827
0.0282114935672
0.185531908364
-0.105320199427
0.0267636072426
-0.335616206053
-0.0407489433505
-0.151628643326
-0.00992719687398
-0.0638763166855
-0.679719577135
0.347403878929
-0.408613929629
-0.299346052244
-0.24690904749
-0.0367480095728
-0.286737980044
-0.0172190031311
-0.117600429219
0.136770099998
-0.307076204747
-0.204393905822
-0.197382081367
-0.0278504794097
0.120922923311
-0.610073818334
-0.260345470818
0.129758970951
-0.184284169816
-0.171318973138
-0.237593851547
-0.172289963661
-0.26342867219
-0.275135004379
-0.181532962191
-0.0284247726731
0.580974039767
0.0941617808953
0.0202987020677
0.451696287966
0.735267612128
0.494135149289
0.442032472118
0.637266899491
0.2428754008
-0.084639927667
-0.292347221859
0.0460869180132
0.410702373485
0.375356877899
0.21022651663
-0.13307888274
0.606391823773
0.624244058292
-0.098258212623
0.0698773885307
0.277579440865
0.212903293809
0.247347152167
-0.142531553057
-0.149232398468
0.371997023375
0.685221397833
0.195066497673
0.452250630899
0.300395950747
-0.081880825774
-0.00547334755644
0.413087102058
0.0510798440847
0.147701309258
0.353045583142
0.417666331104
0.349199364155
0.0911867087016
0.325776375486
0.477317561524
0.446362326407
0.145854548717
0.0421756722688
-0.0013879541042
0.158499056734
0.292652952539
0.0869605197882
0.746970027361
0.434549702506
0.256767763383
-0.154805287681
-0.20756454193
-0.40892100999
-0.672826423435
0.408857843893
0.722419491035
0.842507118036
0.268588766379
0.045547608983
-0.546216578321
-0.393367405177
-1.177983335
-0.934445434554
0.712134026683
0.854097341233
0.580213323871
-0.039410120679
0.0856959426011
-0.70416137
-1.3309448641
-1.45396296713
0.237084251935
0.669908343733
0.508560157202
0.176704034662
-0.132745033982
-0.377329795041
-0.928655966889
-1.65181846069
0.584083286755
0.140297765369
0.306248320293
0.0550788183987
0.0334869313455
-0.166653865269
-0.853549833415
-2.09821384809
-0.0035113735008
0.0728122663327
-0.158136663243
0.00277296965523
-0.0418959982045
-0.785882660897
-0.546805905367
-1.91389847879
-0.16982972171
-0.403183566955
-0.230966606325
-0.149530950963
-0.148386737741
-0.469489072397
-0.841091294142
-1.07265157115
-0.212153014275
-0.311420751189
-0.186969195436
-0.0914512245843
-0.147232172379
-0.28484952203
-1.08821109165
-1.08381768837
-0.429049817718
-0.236462437305
-0.336846960493
-0.30523250115
-0.0533925772797
-0.120939045365
-0.488633424831
-0.897392068538
-0.216905039939
-0.512694937093
-0.697114428511
-0.258644378337
-0.64168614783
-0.110369135938
-0.467881371998
-1.00107232734
-0.53764387039
-0.208064936772
0.00847093988724
0.341311500599
0.470478169165
0.357149483814
0.27773841781
0.34394911912
-1.48941067071e-05
0.143732798592
0.0053105356429
0.124686778762
0.0499640965265
-0.0304924541297
0.180065473738
0.548128292373
-0.449075865331
-0.125057408473
0.189023883931
0.301520320819
0.0878426622634
0.0909701845868
-0.00580093375516
0.317860566982
0.325265184529
0.130644802528
0.162686184466
0.14017369641
0.181287266892
-0.0391148982549
0.15968318954
0.365399481934
0.181271714011
0.374460547301
0.411556259871
0.268801957819
0.0138115277726
-0.161346756884
0.185216066009
0.327863551824
0.154378860895
0.558034407709
0.272021137509
-0.0652774503105
-0.242766161605
-0.229859867937
-0.977043379777
-1.02718533076
0.371083120079
0.314793959455
0.220238107756
-0.254744436189
-0.162660442298
-0.35601157041
-0.615582101316
-1.86793049677
0.0680085869578
-0.204133014567
0.187582604765
0.277251832281
-0.401239707619
-0.0724544740187
-0.534886435596
-0.00925361555943
-1.19614150185
-0.616396120755
0.0891957809551
-0.236814295001
0.215980247449
0.214773277232
0.498134697683
0.908958642233
-1.60283356101
-0.781367165491
-0.733119889022
-0.418369328304
-0.221927564203
0.239004605559
0.812074967171
1.07895488027
-1.41134739917
-0.731597529533
-0.670505635754
-0.563602647094
0.216091857232
0.932518204476
0.676887714695
1.00318158143
0.406334053806
-0.273617918541
-0.148947506022
0.0433401214029
0.432211398775
0.173459512907
0.517680552622
1.04631816067
0.1461132692
0.219267275064
0.0683552333041
0.12280160537
0.235732786679
0.139721122168
0.242231510879
0.118264510456
0.260410152252
0.324729170162
0.145170588634
0.392651039532
-0.351180681714
0.27502311796
-0.0136311814801
-0.0278032175133
-0.139797783758
0.328434544872
0.143982797288
0.125676176825
0.244812895329
-0.336617794197
0.0879733486543
0.103411495061
0.919365635902
0.085030018621
0.380311792293
0.397446556916
-0.0117525277513
-0.358912394825
-0.370554721548
-0.440475529718
0.304476850452
-0.149947025276
-0.343380682139
-0.582377424602
-0.361508469315
0.328159032129
-0.0106098136067
0.8892863919
0.191498931165
-0.366659826338
-0.0740531711643
0.347873821077
0.284383457166
-0.0282247011892
0.13095638921
0.0865863613013
-0.0662065645997
-0.234499291613
0.285049363647
0.34407124027
0.311598369235
0.0784296836021
0.30846468954
-0.15707464547
-0.298697371856
-0.0095895709603
-0.0151993760042
0.272909937936
0.396148911952
0.245236578758
0.0253472420064
-0.356875256152
-0.247284847233
0.0699729412095
0.41013400364
0.616362351882
-0.16283005182
0.354308707578
0.34184607476
-0.305843541599
0.0357627858838
-0.185581951989
0.210625270631
0.278698322692
0.588744262553
0.202408803777
0.225362316954
-0.215206282946
-0.270477979992
0.218557300294
0.0836274672188
0.231412905852
0.0739293584606
0.157293234585
0.475761793199
0.266619027127
-0.101176081602
-0.242659828922
0.153714662936
0.188392363648
0.205977146767
0.303488922909
0.00370483976349
0.254946004939
-0.157850240364
0.284493225543
0.148431707978
0.196895157959
0.156434802149
0.325385039185
0.175909348644
-0.0467058642864
-0.487909855991
0.033276414476
0.478388892211
-0.106606668019
0.262464203497
0.0654015628169
-0.111936521029
-0.561680158629
-0.713463268181
-0.190714941844
-0.269195519059
0.0696618656088
-0.124250776879
-0.118340624614
-0.215218954751
-1.10318863785
-0.901614533127
-0.439545696567
-0.0761932547483
0.190799358274
0.035598821959
-0.185547254184
-0.237758729884
-0.328482066558
-0.599805587206
-0.311657705265
-0.247445029989
-0.0105608374852
0.0587259196878
0.0272604936695
-0.242425398272
0.100246581501
-0.985639694987
-0.573514794705
0.0422232746531
0.194941914167
0.280025186348
0.151869314271
-0.147549810591
0.350779882415
-0.55950825993
-0.24030809659
-0.431106143171
0.183596699934
0.462063374409
-0.0310214525876
0.169695303958
0.560336238328
-0.155779305811
-1.03277058586
-0.57186725452
0.217135676806
-0.231322102504
0.403615633895
0.535120264179
0.62797221267
-0.158458908673
-0.354249860114
-0.695477029712
-1.04179224456
-1.04252511346
-0.342791737226
0.118140725587
-0.230158520398
-0.413778627613
-0.174256345702
-0.70393287948
-0.856443750104
-0.984191423395
-0.37852282207
-0.0581806723438
-0.37164781586
-0.146946561239
0.065074852971
-0.736116689479
-0.912493633175
-0.76199640592
-0.259927995613
-0.201565616837
0.251862142135
-0.210984060181
-0.114456416063
-0.592222628726
-1.07424546041
-0.41918284838
-0.451666120447
-0.166568217668
0.223295700081
0.136659518502
-0.300908269714
-0.651968972191
-0.940909116261
-0.32661548478
-0.0898956580783
-0.269466700103
0.326239390027
0.399137134918
-0.462644321117
-0.474304467795
-0.743212748662
-0.524498945543
-0.00284744939438
-0.0682959255798
0.948621496752
0.776752028434
-0.10595363802
-0.947968775527
-0.622168754244
0.203290910154
0.081053400229
0.462313044712
0.523010925402
0.408298778099
0.0720038661746
-0.591191249845
-0.434693480236
0.18560253265
0.370819484039
0.392986486794
0.265038568709
0.942333512122
0.337432135916
-0.787589396611
-0.0881303423242
0.30679436258
0.808947210586
0.369030756339
0.396901437353
0.767265743864
-0.0734633616971
-0.0233083617247
-0.363230718628
0.205224491848
0.508971589402
0.870828076597
0.315887449254
-0.143448962781
0.250627046618
0.36105734797
0.113106408471
-0.0092930290222
0.282576086382
0.628845081566
0.546410625931
0.0562044201302
-0.243299424378
0.206589271519
-0.176924309064
0.31306093256
0.244391633975
0.592037744044
0.226776306816
-0.168064972991
0.169596503433
0.387602479811
-0.157832455083
-0.00993860966028
0.620029184334
0.272744425936
0.283069298177
0.0826131305651
0.208896246122
-0.147715998087
0.42656043714
-0.0606555972939
0.22365480304
0.663982270589
-0.205273230907
-0.566636479274
0.112613421946
0.0553306598442
-0.0430922632498
0.29834540785
-0.102913631504
0.310947902072
-0.192251209965
0.146110806046
-0.146677028073
-0.0715747761666
0.635912489986
0.720544002081
0.40759014213
-0.45406096425
-0.0764841513914
-0.264136402026
-0.139607415018
-0.595326979941
-0.565658151386
-0.592506890526
-0.223518612401
0.426301158299
0.389872275945
0.226063661905
-0.214202733176
-0.641701074776
-0.438312334843
-0.930768095962
-0.0520336681495
-0.19568679046
0.488959586924
-0.153669567356
0.151023482078
-0.217151305008
-0.853365039579
-0.630402680879
-0.301618089164
0.437053683125
0.844773315785
-0.196556815027
-0.330877729358
-0.139180971229
-0.897813088637
-0.456272624243
-0.0183015492369
0.491267734822
0.549932484885
0.304480905388
0.0526388434434
-0.228036543781
-0.987438018975
-0.382751600928
-0.165215809925
0.190217615349
0.683053419632
0.759902204513
-0.0850386599055
-0.320513113364
-0.484110728816
-0.417400526855
0.0662832565539
0.148723325949
0.652452868872
0.807580163698
0.253859056922
-0.355325020735
-0.449103740941
-0.463118697078
-0.220831652081
0.461866506831
0.300971062218
0.443011733254
-0.0677009920328
-0.0400023356164
-0.409992597109
-0.646487377397
0.207377214944
0.189312125511
0.109727122708
0.041229712427
-0.369752150075
0.0650066989226
0.0753202177018
-0.289792313412
-0.225770841507
-0.078046632264
0.0968236965368
-0.083363656492
0.216387292883
-0.0919767202206
0.25147822676
0.102655810727
-0.131542052071
-0.00678003954442
-0.328584947791
-0.317346113611
-0.217381352916
0.276117401052
0.456001655469
0.0314497883599
0.159798612394
0.124344889532
-0.256240356144
-0.589678655985
0.153244467484
0.195786129842
0.368397545743
0.318212587098
0.157066943153
-0.161667494741
-0.190046792057
-0.536825641459
-0.141474102481
0.216481057461
0.095796979569
0.0446841079816
0.269600557539
0.129716593404
-0.433854259853
0.243885028171
-0.280783583605
0.0547351794441
0.404685850293
0.0300864919753
0.188079347142
0.307755777612
-0.436897070631
-0.377031099967
-0.192972102142
0.0811963959049
0.201861189089
0.366712424307
-0.0104107557094
0.0582345707863
0.168674513716
-0.669291963951
-0.299770843941
-0.231294052743
0.0767657997296
0.56089251104
-0.235572388409
-0.0743117046297
-0.316590787752
-0.0834900438376
-0.103474651268
-0.109222891907
-0.128507510821
-0.0759428807666
-0.125356874039
-0.154763451247
-0.238332464362
0.0379089491209
-0.163371280818
-0.116329723469
-0.0737395790402
-0.0654459321322
-0.111970176513
-0.0782017249854
-0.245700322473
-0.157694364879
-0.297299483348
-0.299382977657
-0.256632319635
-0.216520458971
-0.0868954274485
-0.339718668053
-0.209375491798
-0.0430335811512
-0.567465942204
-0.186510310487
-0.211326123026
-0.22212943062
-0.579782591506
-0.356766621619
0.137895388407
-0.0659180830269
-0.798709055236
-0.256003989261
-0.198537725591
-0.968824662442
-0.530740471344
-0.451600129556
0.405642227011
0.107489040548
-0.624818342402
-0.565058051324
-0.602482244522
-0.359164797455
-0.797986272139
-0.289050330903
0.939250159101
0.290734891838
-0.824689971293
-0.439447480966
-0.262596628517
-0.187275224692
-0.625378021769
0.129815401721
1.53011707438
0.516028026586
-0.322376200224
-0.102364877652
0.422823889408
0.357483343827
-0.389544675689
-0.228551295326
1.14178903575
0.228454603497
0.126120920507
0.396062720488
0.517736446101
0.509681446647
0.34796416442
0.0784589088236
0.251047524318
0.408703909637
-0.0278177056172
0.447740613276
0.686525956606
0.243744557171
0.312575559646
0.104721034236
0.027891611158
-0.327299068423
0.173333050821
0.486594578586
0.339589253783
-0.0115722044217
0.222001744183
0.200534838151
-0.0747407513815
-0.0844915668556
0.185999421992
-0.139720356688
-0.166966866177
-0.242360126449
0.184546716169
0.364921922973
0.108525127174
-0.211422867389
0.225538429862
0.120934602774
-0.0533247271182
-0.0150779543128
-0.210273159952
0.0728880364321
-0.378934298639
-0.109463468746
0.274592047386
-0.227803388408
-0.311060173925
-0.318769399584
-0.209081136606
-0.186453142197
-0.364653591611
0.18085485909
-0.075336488478
-0.208632598451
-0.162300098676
-0.150534442604
-0.138999629697
-0.106587198465
-0.112901521725
-0.134625827452
-0.105268653286
-0.085591175594
-0.0755743213058
-0.0862594502253
-0.10533643619
-0.152433712324
-0.0823724652377
-0.0438126257671
-0.126079358159
-0.166105319595
-0.238815151902
-0.114417191644
-0.135313993984
-0.0452681786925
0.0499434784764
0.375034781407
-0.304699149657
-0.227854600921
-0.0110261059628
-0.0106107355804
-0.0664335261538
-0.102416516312
-0.194909674753
0.218500991411
0.0478811097737
-0.155508479228
-0.186256996253
0.0765719468177
0.218710526427
-0.00608267847666
0.247623596211
0.41437318167
0.304105021759
0.241808714777
0.125054249839
-0.229918733039
0.300882251224
0.411330249281
-0.187391884312
0.263386696514
0.359269877709
0.0484285810917
0.0727035247023
0.082197822922
0.121379582247
0.701046826925
-0.102377542476
0.204139132655
0.486741995708
0.133697270191
-0.0276991964062
0.246764968177
0.0665259879965
0.0784171509252
-0.331289836979
-0.170963987228
0.307394629828
0.255262248265
0.440892890631
0.204902735226
0.250134023055
-0.0979414913507
-0.616791794298
-1.07478447486
-0.0921366151872
0.665098430295
0.413795571521
0.20044560493
0.102487576918
-0.23258196175
-0.184356286239
-1.03870368154
-0.259668820821
0.196415416752
0.652238432201
0.362888811271
0.345543455029
-0.0764731118124
-0.431378759971
-0.426651503204
-0.0757694920638
0.219287492449
0.33711849488
0.338714359132
0.297025146374
0.159428965435
-0.0420211336528
0.411082939225
-0.0128107642279
-0.260768472786
-0.168084227248
-0.180060933139
-0.0157134483348
-0.0690883605276
0.503726543578
0.265915786358
-0.13495022093
-0.241569655884
-0.52317471314
-0.0870284066692
-0.00960125999587
0.167229342888
-0.0517513851897
0.532611344957
-0.0704648535402
-0.327322354559
-0.145165233423
-0.545393295783
-0.263878824665
-0.126222211343
0.0872243956849
0.00590577997764
-0.00873358830627
-0.218970300932
0.00952510033725
-0.373226203234
-0.0393342678177
-0.0829523907852
0.1708297866
-0.210828759328
-0.219449114908
-0.266898228009
-0.024762222319
-0.181010021544
-0.277443090185
-0.118740788864
0.372937134843
-0.118452675632
0.0283618544418
-0.187399860128
-0.0721460174143
-0.341695469472
-0.523636214802
-0.0171326594419
-0.270489747535
0.6846637781
0.194307790217
-0.120588073215
-0.270493252452
-0.47480516009
-0.0515448089356
0.533765926948
0.218724962046
0.650340441725
0.782721781476
0.530171602068
0.130914294829
0.253379914752
0.0833841394403
0.237753669976
0.478900074812
0.416880722737
0.369017233416
0.529229880977
0.174851880758
-0.00988299747873
0.413599230739
0.397731342347
0.190263433369
0.723201738306
0.323993083315
0.277827336969
0.844222763252
0.525731405589
0.361609380775
0.0929985108192
0.586210271247
0.407601756325
0.437744161297
0.289763085664
0.309299432775
0.578026430297
0.713158005886
0.481986649216
0.156255306381
0.449754716945
0.0843469405524
0.612192663247
0.224534571228
0.475370016321
0.583459731111
0.621232244125
0.317189326041
-0.352311719441
-0.321539554749
0.0773891720762
0.0560190617332
0.489464094413
0.779197521166
0.876552151765
0.562519604617
-1.32915248768
-0.281418329016
-0.220792297261
0.362398967795
0.427556253981
0.146524641573
0.283188702041
0.193578511979
-1.63895294842
-0.85601563973
-0.370096198615
-0.389608648169
0.0143653106572
0.649692042962
-0.0736232299163
0.05508118559
-0.875950138915
-1.23055442016
-0.228907622262
-0.0753312613278
-0.137574661798
-0.200487733286
0.476091771705
0.384234942078
0.123378444043
-0.118445052847
-0.045970278779
-0.484755357171
-0.462102864485
-0.45121296531
0.119713900691
-0.0572316454229
0.0263365436685
-0.279763711572
-0.205923244549
-0.302884864057
0.000435469303012
-0.17699725762
-0.289977516037
0.0129824503352
0.212377640491
0.0276596733343
-0.410616731853
-0.149981556899
-0.375535064067
-0.376953851988
-0.0791730526849
-0.121999434998
0.0462617119868
-0.119310839584
0.091375624779
-0.208039391414
-0.216977025433
-0.159631689561
-0.182911642569
-0.334869324138
0.154703496869
0.00125296670563
-0.280965731096
0.104012873182
0.0196986765122
-0.422588189965
-0.287652206957
-0.398672440257
0.179948661441
0.0547282768633
0.480741959051
0.217444962547
0.1211957176
-0.191980649773
0.0518807830648
-0.103363817407
-0.0328914955673
0.163999244994
-0.0919396646323
-0.0964742672459
-0.122903483676
-0.674779867661
-1.06672326461
-0.558771422126
0.566109475651
0.178537562774
0.101476090339
-0.241216509752
-0.0621948821002
0.230090563731
-0.117116400177
-0.461949788065
-0.17221186803
0.20454061852
0.176596203267
0.131430673261
0.240028657586
0.118106381109
0.0482126011714
-0.380615562846
0.196501605742
0.211861578099
0.0334170757692
-0.0903828883666
0.115638535451
-0.117080390012
-0.0169388348604
-0.249984597896
0.23474406481
0.304659372866
0.280364238384
0.241346063686
0.07181228582
0.0632729569934
0.0534550965125
-0.101759771994
0.0221418238613
0.0153724380817
-0.185013212721
0.14565291588
0.0471293038606
0.279601766761
0.20899684482
-0.119603760411
-0.388757129658
-0.253099522456
-0.293526906012
0.409941199763
0.618881079857
0.751451570825
0.134871676226
-0.0016794296314
-0.521470487681
-0.237983095619
0.185368118389
0.261913061597
0.356407042218
0.472689373249
0.0957575396497
-0.282079400852
-0.76613189611
-0.121691035168
0.405980794015
0.216202955446
0.0610818660868
0.0765529484354
-0.0480022723526
-0.499267283067
-0.930827254956
-0.163638596691
0.0979503135012
-0.0174982610643
0.154550870412
-0.0946849239929
-0.0319572217449
0.14331810347
-0.330665409464
0.37028326873
0.062076216995
0.471478703918
-0.0103300043765
0.0321030236711
-0.0813765467994
0.267061786787
-0.362401524119
0.0621546573793
0.262175535371
0.128670032194
0.122373099367
-0.354630682389
0.298858277797
0.23221758106
0.184344779397
-0.146253430094
-0.180280852278
-0.0154272633436
-0.0440364098214
0.288481524732
0.247838163282
0.469833662595
-0.178290878674
-0.100432891235
0.0508032569133
-0.0167730519074
0.0821812669644
0.233377792219
0.293262052367
-0.06506345814
0.156832757336
0.00607063995595
0.0472606558176
-0.266794156978
-0.360582793638
-0.179268193847
-0.443540527193
0.123840985086
-0.11635558459
-0.0943890694334
-0.185530362778
0.069786740997
0.164915690372
-0.238490498778
-0.545795847937
0.406502185949
-2.73626473889
-1.78330491841
1.58421250877
-1.84595802275
-1.24806173886
-1.60864149982
-2.16245347205
0.967415402955
2.26667051399
-0.490551496743
0.57117059895
1.55385618125
0.521070261078
-0.59412417841
-0.460248583385
0.357803107982
-0.964503196419
1.99452953213
-1.66475377608
0.88641516173
-0.418270048994
-1.07811420004
0.83623080943
-1.20657498346
-1.83512342911
0.594825522942
2.55597251074
1.42571970491
-0.728058412626
-0.792110833156
-1.70744389617
-0.483194876356
-0.89131354888
-0.587462715568
-0.198350975747
0.0834706735341
-0.598713185661
-0.425591481819
1.527350447
-1.46275475483
1.07536056628
-0.731774417141
-0.109499418128
2.2340466641
-0.659525125216
-0.645559741707
-1.16691051051
-0.155554847212
-0.289811792101
-0.190011841765
-0.630796202516
-0.410941760561
2.06052867371
-0.871858341345
1.8272729289
-0.809662594797
1.38269680788
-0.663048833638
-1.12849009975
-0.615225928561
3.87033196242
-0.106883704489
-0.706258777912
2.57986071896
-0.834496297424
1.99151495623
-1.16794939455
-1.04753378643
-0.246855102621
-0.861019222704
-0.620297413251
-0.800892204086
-1.28739404915
-0.197228620629
-0.362790814148
-0.240690043346
-0.613010305515
-0.537606794345
1.12958104968
-0.682026637061
-0.708234341871
1.36688211418
1.91431037614
-0.626706278933
-0.921968218976
-0.464127785736
2.86145409987
0.0276976368961
-0.507382004156
-0.617090657487
-0.853906380106
2.09018192812
-1.12674020258
-0.632891559039
-0.219733969122
-0.489448271337
-0.631424581322
-0.823033397749
-0.812022616065
-0.136135356365
-0.242229217291
-0.270537806217
-0.78633164102
-0.686741279566
-2.67435250353
-2.10614915394
0.275841074251
-0.483922978826
-1.58234473304
0.668587332131
-1.01385281034
0.0866463600812
0.739248790942
1.10543376053
0.928978775031
2.37522666783
0.0201628887651
0.138211663984
-2.66001590799
-0.251099621174
-0.888574649809
-0.208424883089
-0.363082699976
1.71217573024
-0.954956026563
2.42169578617
-1.38170159593
-1.13378114243
-2.14649695312
0.105874476174
1.50331706325
-0.544991971804
-0.394344790563
-0.526754783481
-1.26224128457
2.35977072904
-1.01750652483
-0.381943300021
3.66119106998
0.218728507285
-0.420647798963
-0.42022996884
1.29887184001
-1.07217646174
-0.950975708145
-0.595531936791
-0.208021852771
-0.483862803063
1.59525455216
2.10511178429
1.76184820351
-0.0956734319792
-0.197235153288
-0.170780443199
-0.833976254907
-0.334266557872
-1.15014919644
-0.65792976705
-0.520989052054
1.09920707094
-1.49145720498
-0.584360367225
1.00704166156
-0.786064889044
2.13280393158
-0.11972638574
-0.55711927524
-0.544583305481
-0.717412449499
3.47811934266
1.25722618629
-0.777477418159
-0.151289356904
-0.47667437002
-1.07863731771
-0.687477243166
1.57488850025
-0.245564424878
-0.452079330026
-0.313918286078
-0.987956530059
-0.794183497181
-1.29729573447
-0.760074571557
2.02445539045
-0.590476110347
-1.4576650313
-0.526039095113
1.0345521284
-0.314129487958
-0.181897671774
0.0814803729444
-0.539995022274
-0.351745637593
-0.700730550319
-1.18840904377
-1.28747014135
2.68166008253
0.0371338959972
-0.918438080434
1.88155444744
2.03125868383
-0.958746839181
-0.172128424031
-0.174034622518
-0.171998951699
-0.962103921562
-0.489730256957
-1.18814994
1.31609799432
1.45864943357
1.69910884105
-2.0608636959
2.84303050004
0.609825963946
1.73048550948
2.60965342352
0.0662720739284
2.67360745018
4.37041245215
0.70315825634
2.47269284386
0.883019780706
-0.931603308235
-0.563685850322
3.4343395487
-1.04292695963
3.91934780236
1.41337142699
2.63359538511
-0.392835185752
2.74734885153
-1.24821543615
2.62340569262
-0.398389269403
-0.136262235722
0.00924597598008
-0.227669395885
1.34648276861
0.0385502890136
-0.507203130945
0.0272906920182
0.141681241462
0.357997701405
0.0580739014369
0.158488719966
-0.147817320117
-0.246217112129
1.8434737736
-0.0842585362352
0.420028133889
0.0171145906884
-0.0746716488141
0.0766080159365
-0.225211227359
0.262158466811
0.169759070057
0.103681701116
-0.134814095852
0.0221500302631
0.979245683114
-0.797343616744
1.9031290125
-0.89069885364
0.481014056668
-0.478029601103
-1.12098773099
-0.474028967605
-0.33111309901
-0.0563054680507
-0.808242775503
-0.422311841263
-0.851398575377
-1.37183237842
0.958280970528
-0.673389256996
-0.113526997625
1.77225899403
-0.737913443619
-0.699797831516
-1.0474169533
-0.394103137888
-0.323427250586
-0.291395420433
-0.780205515454
-0.604576634076
3.26999865206
2.73567660763
2.33223215599
-0.885458097566
0.233211436598
-0.659383737073
0.683962227239
-0.45797901186
3.88569796579
0.147268954786
-0.797973549329
3.21721994572
-0.665003516154
-1.65108241475
1.48615655518
1.51452332809
-0.1704369901
-0.45183004505
1.75456328876
-0.943559786596
2.88849726253
-0.0531042492634
2.39884225611
-0.374415015173
1.98515326862
2.16286393694
-1.57794400453
-0.70724435646
-0.874105230192
-0.750559033136
0.471030968839
-0.564606417857
-1.45608166543
-0.832737190588
-0.343249685536
-0.0316258823295
-0.741477520644
-0.489165710001
0.688704411433
-1.6529255896
1.4691505795
-0.988741597517
-0.112261004643
1.76778760523
-0.865679632837
-0.872994995772
0.771162925284
-0.402867605504
-0.896339994814
-0.498633487757
0.981691784353
-0.686222472537
1.14874904763
-1.53000516978
-1.80030039513
-1.67935620831
0.658587536138
-1.26954605319
-2.05694958567
-1.42567026771
4.18743065761
-0.419497398148
0.527787915132
1.21918419139
-1.80985531263
0.122034401582
1.5953189189
-1.96345706907
-0.581621072496
0.559602402904
-1.57902183664
-1.58793851842
1.29774617756
-0.879932347812
-1.21729817723
-1.03817871902
-1.64347673537
-1.40084396965
-1.94083426253
0.35915756976
1.55479386456
0.597112093538
-0.854821731033
1.41697274618
-0.331174829197
0.358322495166
2.25196899886
-0.347247500947
-1.19046464558
1.88232471653
-1.61328919548
0.512402691861
-0.519128322647
0.382101082558
-0.885410340332
1.84078387688
-1.45305473569
-1.37719044978
-1.79808623987
-0.848185516023
1.15856457093
-0.876603431389
-1.79875755264
-0.963911392166
0.517202884777
-0.673280640526
-0.616099520595
-0.953024481478
-1.73041271286
-0.761507966572
-1.1166585091
-0.578316157847
-0.492701557712
0.0253833925111
-0.616867403411
-0.520211864975
2.400389465
-1.76607726869
0.625793595985
0.910689082251
-0.179624773628
-0.887284093231
-1.19319492405
-0.779868850915
-1.08454695495
-0.305739637214
-0.433679642064
2.2444084001
-1.21724105552
-0.654292721976
-0.921322053051
-0.344580385143
-0.393445718032
-0.514558648062
0.706241227932
-0.292967611175
-0.777858779632
-0.0325579401626
-0.291672780449
0.323393897399
-0.0471788155853
-0.318444355231
-0.246813036378
1.72580527261
-0.838894594363
-0.181332596545
-0.136312836574
-0.396612469082
2.13408381334
-0.623011092972
-0.672263946494
0.0716519883603
0.0942914421036
-0.0833277767911
-0.447203565158
-0.340983561509
1.78048405658
1.3229624955
-0.760935816405
-1.13946034178
1.56174561057
-0.763435245128
0.520688194904
-0.590474570267
-0.556279619757
-0.0861027233993
-0.777653511413
-0.411537936251
-1.14908345593
-1.34578821834
2.05565375519
2.12115242936
-0.43468885789
1.32860506718
-1.20066560194
1.57642926604
1.58035481746
-0.235177646124
-0.373875832189
-0.459352969131
-0.920375022209
-0.659394266447
-0.953542865857
-0.545901867051
-0.454629596039
-0.6340143967
2.07756189068
-0.274919133304
-0.772858319135
-0.397843854481
4.2086127082
0.129551348742
-0.369718208428
-0.433432920514
-0.539004870845
2.8659279922
-0.858717056125
-0.413456229229
0.0014730862926
-0.351587385531
1.86969201256
-0.486116854187
2.72409331068
-0.0360403302764
-0.238092279526
-0.146374990158
-0.522881905535
-0.324773950307
3.30235443197
-0.921329923956
3.09960703815
-0.731912074637
1.74727188741
-0.482944617251
-1.05544762286
2.48006737838
3.44341971337
0.19523009307
-0.475341082584
-0.521414460578
-0.614279321574
3.41451346256
-0.940286604059
-0.877365073138
-0.0267465114691
2.32405954014
2.69448088258
2.02462968252
-0.689761630391
-0.0999023177414
-0.219230874242
-0.322406056071
-0.644603058376
-0.681693763388
-1.7084818356
0.645192982059
-1.24712893168
-0.0245838100009
-2.42719756323
1.34577541723
-2.39822454514
-0.892884412739
-0.860047466319
2.01307712528
-0.841387029519
-0.768005827636
-1.3088877244
0.558172900383
0.917656567013
-1.11114883418
3.70865170252
-0.973028039213
-1.53528882032
-1.09559413214
-1.72996779546
1.74620879054
-0.832362433692
-0.577596527671
-1.16306405046
-0.843300325878
-1.01263463767
-0.423926293145
-0.380173845136
-0.672245429961
1.08812286598
-0.171501367048
-0.878181512245
-0.148526383891
2.87175421375
0.0152713520176
-0.307338994427
-0.110970485269
-0.422574732333
1.65157051285
1.71807707215
-0.344629503709
0.0641924856514
-0.231328069814
-0.541283227116
-0.402458742934
1.29764504861
3.81101307987
-0.106886605932
-0.14663649263
-0.385173949167
-0.18164978608
-1.13771654569
-0.544881678104
-0.322036093144
-0.469464632213
-1.24276211673
-0.286871477608
-0.972244302936
-0.218902830254
-0.130873227972
0.195393221696
-0.380098125571
-0.250591948608
-0.666265859726
1.35637926647
1.95893254702
-0.301580459276
0.129109546126
-0.464903709849
-0.422221629167
-0.356904516642
-0.983651351932
-0.047490229115
-0.258227905027
-0.0103121636445
-0.526576167571
-0.261617278264
2.13699596561
-0.127490437441
-0.297962436685
-0.196256268845
2.02350406601
0.0121477200536
-0.496485179497
0.0279941538055
-0.0418349875759
0.325724951948
-0.108678194296
-0.186790425633
-0.140834692008
-0.356785850361
-0.588382740028
-0.131248215095
0.20926101016
-0.204882993715
-0.182214256316
-0.275535138702
-0.386495731841
0.128714016625
0.119676665068
0.182523835123
-0.212727405892
-0.206263636753
-1.224065931
-0.519309512386
-0.492414125829
-0.805617941965
-1.40715735727
-0.427424154292
-0.963021988806
2.43082423886
-0.397626739836
0.145033758025
-0.408749563187
5.16917818259
-0.637422525807
-1.71143893404
-0.926252154656
-0.410663858854
0.0574077427383
-0.268775182271
-0.668900901473
2.68906918661
-0.75448793527
-0.216291956022
-0.219569796785
-0.170179082462
-0.963134834366
-0.672513353013
-0.917899332286
-0.477253399944
-0.275217478724
-0.471864108667
-1.06277353386
-0.193158264606
-0.800506182791
-0.298406207069
5.13534101553
0.24549192395
-0.333540581996
-0.290661737399
-0.596214001168
-0.927269765825
-0.767587542317
-0.436258390691
0.38885177647
-0.31741612146
-0.471351907492
-0.351483958677
2.74044072733
0.0108348961841
-0.220737860938
0.0542190892522
-0.50517330288
3.87406882415
